100
(
(0.000419465 0.00271383 0.00949661)
(0.00042605 0.00317991 0.00635093)
(0.00231903 -0.00234206 0.00702246)
(0.00648369 0.00419954 0.00126626)
(-0.0034139 0.00277065 0.00946826)
(-0.00163436 0.00128625 0.00933379)
(0.000914404 0.00199401 0.00786601)
(0.000186426 -0.000347358 0.00901844)
(-0.00553613 -0.00275646 0.00910152)
(-0.00276831 0.00162887 0.000493067)
(1.48546e-05 -0.00619136 0.0057782)
(-0.000272134 -0.00415717 0.00106212)
(0.00546721 -0.0028271 0.00784451)
(-0.00257873 -0.00163152 0.00482505)
(0.00639797 0.000410821 0.00510703)
(0.0026272 0.00123991 0.00565779)
(0.00353504 -0.00241578 0.00564166)
(-0.000690412 -0.00569665 0.00181879)
(-0.00200361 -0.00480931 0.00741036)
(-0.000363966 0.000188944 0.00864478)
(0.00239574 0.000549537 0.0024636)
(0.00447258 -0.00177443 0.000742499)
(-0.00233443 0.00264169 0.00580193)
(0.00233621 0.00373435 0.00123903)
(0.0023943 0.00158174 0.00709771)
(0.00168509 0.00455214 0.00193814)
(-0.0065288 -0.000572141 0.00823358)
(-0.00204618 0.00112084 0.00237802)
(-0.000835874 0.00208702 0.00223324)
(0.00546542 -0.00387388 2.97922e-05)
(-0.00385952 0.00101928 0.00629152)
(-0.0022698 0.000757444 0.00349476)
(-0.00361497 -0.00483353 0.00358164)
(-0.00185751 -0.00165226 0.00759314)
(0.00059464 -0.00141117 0.00225518)
(0.00081026 0.00166913 0.00514441)
(-0.00659095 -0.00214681 0.00533335)
(0.00222529 0.00228229 0.00867699)
(0.00199562 0.000611639 0.00150716)
(0.0067538 0.00227782 0.0027404)
(-0.001829 -0.00230679 0.00476803)
(0.00576558 -0.00101144 0.009371)
(0.000245363 0.000708024 0.00668202)
(-0.00311944 -0.00329304 0.00190379)
(0.00324615 0.00161041 0.00651105)
(0.00382032 -0.000752401 0.00834448)
(0.000310506 0.00428223 0.00851235)
(0.00547606 0.00378007 0.00524079)
(-0.000732489 -0.000185995 0.00983012)
(-0.00423015 -0.00255701 0.00827537)
(-0.00106668 -0.00151323 0.000890682)
(0.00275091 -0.00621921 0.00148833)
(-0.00442289 -0.0064866 0.00690656)
(0.00486434 -0.00114031 0.00557514)
(0.0037876 -0.0023605 0.00236902)
(-0.00185977 0.00394256 0.00253705)
(0.00301268 -0.000667931 0.00794213)
(0.00202399 -0.00400257 0.00735576)
(0.00236425 -0.00238338 0.00353821)
(-0.00386497 0.00360734 0.0047887)
(-0.00205158 -0.00158269 0.00755088)
(0.00405451 0.000797629 0.00432423)
(0.000886495 -0.00301467 0.00940031)
(-0.000577086 -0.000162933 0.00522439)
(-0.00398069 -0.00158262 0.00827925)
(0.0063848 -0.000538422 0.00146861)
(-0.000109638 0.00219028 0.00967841)
(0.00287333 -0.000165178 0.0052704)
(0.00208115 0.00288687 0.00890598)
(-0.000290207 0.00141383 0.0088808)
(-0.000470961 -0.00178132 0.00686536)
(-0.001897 0.00300189 0.00403807)
(-0.00556019 0.00139876 0.00702052)
(0.000365865 -0.00346035 0.00681008)
(0.00479738 0.0003749 0.0031936)
(0.0038056 0.00199802 0.00646432)
(-0.00642103 -0.00224825 0.00778224)
(0.00220914 -0.00147267 0.00556818)
(-0.00102023 0.000322539 0.00887292)
(0.00591111 -0.00329941 0.00939506)
(-0.00278798 -0.00197301 0.00252472)
(0.000904796 -0.00336102 0.00352236)
(0.000787462 0.00271948 0.00140352)
(-0.000549601 -0.00547105 0.00531409)
(-0.00295181 0.000399533 0.00145643)
(-0.0017849 0.00277136 0.00618806)
(0.00121272 -0.000688602 0.00892275)
(0.00218866 0.00333687 0.00246578)
(0.00508303 0.00387286 0.00422352)
(0.00612213 -0.00195668 0.00784532)
(0.00139937 -0.00113556 0.00163538)
(-0.00126951 3.7199e-05 0.00575402)
(-0.000614861 -0.00385475 0.00497731)
(0.00195575 0.00619833 0.00920122)
(-0.00266153 -0.00290679 0.00257134)
(-0.00172046 0.00224856 0.00238754)
(-0.00195681 -0.00396513 0.00966442)
(-0.00106516 -0.00346601 0.00301686)
(-0.00425916 0.00351396 0.00832976)
(-0.00145217 -0.000951096 0.00204241)
(0.00214152 -0.00432485 0.00342705)
(-0.000490794 -0.000883255 0.0063642)
(0.00283037 0.000439798 0.00469223)
(0.00265387 0.00115447 0.0062222)
(0.00149876 -0.00317274 0.00230839)
(-0.00345853 -0.00250007 0.00782929)
(0.00320507 -0.00582888 0.00692202)
(-0.00200021 -0.00304105 0.0098275)
(0.000177597 0.000712238 0.00182053)
(-0.00158905 0.000204672 0.00961006)
(-0.000503894 0.00471587 0.00817105)
(-0.00115121 -0.00284944 0.00733663)
(0.000518919 -0.00174701 0.00916543)
(0.00292886 -0.00423335 0.00659411)
(0.00335875 0.00119628 0.00968809)
(0.00334197 0.00438262 0.00851427)
(0.00172885 0.00298255 0.00348541)
(-0.00093896 -0.00574852 0.00313048)
(0.00171404 0.00128003 0.00553436)
(0.00013322 -0.00344836 0.00555341)
(0.00451964 -0.000182826 0.00944884)
(0.00386619 0.00541076 0.00944972)
(0.00421845 -0.003411 0.00358339)
(-0.00379443 -0.00434523 0.00782071)
(0.00341271 -0.00519879 8.38665e-05)
(-0.000742532 -0.00557953 0.000613283)
(-4.4544e-05 -0.00217102 0.00866317)
(-0.000606899 0.00258075 0.00376565)
(-0.00136423 0.000317164 0.00905984)
(0.00274824 -0.00380349 0.00439347)
(0.00213574 -0.00171219 0.00612942)
(-0.00409084 -0.00355552 0.00614286)
(0.000615551 0.00296566 0.000688856)
(0.000413479 -0.000621743 0.00176343)
(-0.000662607 -0.00512698 0.00443273)
(0.000827143 -0.00314832 0.00287307)
(0.00137122 0.0019431 0.00386557)
(-0.000150262 -0.0014904 0.00843699)
(-0.0035483 -0.00422549 0.00511516)
(-0.00079131 0.000151354 0.00666932)
(-0.00551286 -0.000391752 0.00341249)
(0.000740416 -0.00124023 0.00102447)
(-0.00209622 -0.00118919 0.00074976)
(0.000565443 -0.00227525 0.00918029)
(0.000465329 0.000568678 0.00672488)
(-0.00457927 -0.00406819 0.00362849)
(-0.00271922 -0.00311064 0.00444135)
(0.00527065 -0.00332761 0.00937842)
(0.0032881 -0.00225651 0.00314276)
(0.00571708 0.000777842 0.00695849)
(-0.00182544 -0.00686588 0.00523793)
(-0.00202349 0.00435415 0.00819621)
(-0.00162925 0.00261256 0.00430623)
(-0.00247022 -0.00339835 0.00656103)
(0.00255323 0.00660974 0.00728962)
(0.00267866 0.000103167 0.00690804)
(-0.00170893 -0.00240067 0.00856347)
(0.00289913 -0.000142953 0.00124981)
(-0.00201232 0.00397235 0.00909426)
(0.000485454 -0.000471279 0.00236185)
(0.00461518 0.00191572 0.0044661)
(0.00435728 5.09674e-05 0.00689071)
(-0.00327874 -0.000660791 0.00169174)
(0.00284154 0.000255933 0.00463141)
(-0.00275367 -0.00616503 0.00894516)
(0.0032782 -0.00114906 0.00224905)
(0.00148133 -0.000899375 0.000504925)
(-0.00270523 0.00113693 0.0044654)
(0.00115892 0.00212431 0.00225401)
(0.00324938 -0.00417692 0.00359635)
(0.00255064 -0.00319778 0.000214029)
(0.00410421 -0.000240107 0.0059831)
(0.00690259 -0.00131834 0.000908253)
(0.00221719 0.00256246 0.00393995)
(-0.00127978 -0.00413443 0.00366263)
(-0.00242104 -0.00311392 0.0081633)
(-0.00256919 -0.000887444 0.00797476)
(-0.00549673 -0.00354421 0.00408845)
(0.00539771 -0.0018806 0.00341472)
(0.00579822 0.00128852 0.000840398)
(-0.00126409 0.00311595 0.00657075)
(-0.000148372 -0.00465841 0.00480067)
(-0.00118448 0.00134846 0.00624066)
(-0.00283492 -0.000213475 0.00221715)
(-0.00193459 0.00138993 0.00441713)
(-0.00378023 -0.00256385 0.00941474)
(-0.00275653 -0.000421714 0.00670412)
(0.00413287 -0.00420561 0.00305539)
(0.000127381 0.00231303 0.00934208)
(0.00487972 0.00123809 0.00179147)
(-0.00174776 0.00400296 0.00737477)
(0.0027409 -0.00384707 0.00839137)
(-0.000243771 0.00290448 0.00250296)
(-0.00450429 -0.00591873 0.00303927)
(-0.00640936 -0.000841131 0.00680007)
(0.0037419 0.000178327 0.000773507)
(0.00288424 0.00262272 1.42236e-05)
(-0.00447493 0.00251214 0.00443531)
(-0.00029607 -0.000831474 0.00330134)
(0.0016523 0.00516444 0.000190707)
(0.000148507 0.000496516 0.00534788)
(0.00197808 0.0042241 0.00181169)
(0.0014297 0.00226362 0.00529138)
(-0.00288879 -0.00434126 0.0083709)
(0.00360488 -0.000986286 0.00338277)
(-0.00213703 -0.00638486 0.00356418)
(0.0021975 -0.00339068 0.0080042)
(0.00234528 -0.00263458 1.13967e-05)
(-2.32597e-05 0.00331573 0.00421993)
(0.00514103 0.00171813 0.0098589)
(0.00118428 -0.00568221 0.00201889)
(-0.00261768 0.00300735 0.00661275)
(-0.000117322 -0.00293 0.00301707)
(0.000673383 0.00467813 0.00398896)
(-0.00437875 -0.00101688 4.51835e-05)
(-0.00520808 0.00203331 0.00102854)
(0.000371298 -0.00644705 0.00238815)
(0.00140411 -0.00411665 0.00114239)
(0.000219172 0.000376343 0.00867916)
(-0.00230933 -0.00020406 0.00960781)
(-0.00101444 0.00156905 0.00657731)
(-0.000152165 0.00317168 0.00515954)
(0.00316837 0.00253988 0.00400004)
(0.000993263 -0.00309555 0.00167)
(-0.00198006 -0.00188056 0.00837407)
(-0.00190955 -0.00355162 0.00999168)
(0.00589656 0.00227132 0.000547235)
(-0.00144378 -0.00493008 0.00939105)
(0.0026151 -0.0021359 0.00420485)
(0.00233131 -4.67705e-05 0.00141552)
(-0.00319893 0.00261706 0.00435321)
(-0.00418514 -0.0010602 0.00460646)
(-0.00167848 8.61063e-05 0.00464157)
(0.00214115 -0.000186803 0.00885573)
(0.00119454 0.00217434 0.00340266)
(0.002613 0.00156325 0.00935974)
(-0.00140493 0.00388103 0.00327934)
(0.00535574 0.000300622 0.00952833)
(-0.000834024 -0.00490441 0.00216118)
(-0.0011606 -0.00166641 0.00628799)
(0.000512049 0.00486337 0.00975589)
(-0.000516104 0.00448525 0.00174132)
(0.00392584 0.00220742 0.00498515)
(0.00451539 0.00309769 0.00640489)
(0.00689856 -0.00115364 0.0012545)
(0.00319918 0.00127268 0.0085735)
(0.00355715 -0.00131455 0.00405527)
(-0.00206215 6.75154e-05 0.00374276)
(0.000840274 0.00379967 0.00116456)
(0.00428164 4.5688e-05 0.00542669)
(-0.00187512 -0.00063722 0.000295193)
(-0.00244523 0.00458139 0.00459417)
(0.00232149 -0.0047465 0.00532086)
(-0.000350793 0.00433763 0.00703496)
(-0.000107291 0.00123284 0.00920118)
(6.68122e-05 0.00288347 0.00786486)
(-0.000942256 0.00117941 0.000468273)
(0.00053264 0.00228778 0.00650308)
(-0.00110122 -0.00348132 0.00889691)
(0.000189694 -0.00300214 0.00626852)
(-0.0037157 -0.00408805 0.00808446)
(0.00137675 -0.000838376 0.00696815)
(-0.000255524 0.00434585 0.00731271)
(-0.00224898 -0.00461847 0.00437141)
(0.00251422 0.00411849 0.00372222)
(0.00101891 0.00510346 0.00326144)
(0.00567718 -0.000455745 0.0063985)
(-0.00378397 0.000279048 0.000798833)
(0.00373621 -0.00393511 0.00769398)
(-0.00189819 0.000905849 0.00843844)
(0.000742471 -0.00284529 0.00974588)
(0.00223835 -0.00223836 0.00887533)
(-0.00300174 0.00364932 0.00226458)
(-0.00255538 0.00353092 0.0018834)
(-0.00162436 0.00327376 0.00966511)
(0.00202774 -0.00368471 0.00649045)
(-0.0060932 -0.000857408 0.0093151)
(-2.41766e-05 0.00025623 0.00288278)
(-0.00300452 -0.00114847 0.00370358)
(0.00305293 -0.00440973 0.000939329)
(-0.00415803 0.00381547 0.0028315)
(0.00200789 0.00161219 0.000439745)
(-0.000804854 0.00294723 0.00146178)
(-0.00589045 -0.00132694 0.00821464)
(0.00167192 -0.0013699 0.00832256)
(-0.000286373 0.0011646 0.0087974)
(0.00447256 0.00469156 0.00896857)
(-0.0010032 0.00124016 0.00819221)
(-0.00371514 0.00300778 0.00619745)
(-0.00077995 0.00226229 0.00457789)
(-0.00395944 -0.00198739 0.00557519)
(-0.000448005 0.00452315 0.00355173)
(-0.00339428 0.00312315 0.00345457)
(0.00212305 -0.00236464 0.00948202)
(0.00364128 -0.0044142 0.00269205)
(0.00172072 -0.00556503 0.000906797)
(0.00493431 -0.000138775 0.00486175)
(-0.00300903 -0.00239227 0.00567257)
(0.000190928 -0.00401638 0.0098236)
(-0.0022425 -0.000191215 0.00970554)
(-0.000152066 -0.00615118 0.00312313)
(-4.45964e-05 -0.00136496 0.00511365)
(-0.00125502 0.00177849 0.00918619)
(0.00103763 0.00382949 0.00566948)
(0.00306328 -0.00234679 0.000873184)
(0.0013729 0.00138493 0.00926871)
(-0.00312173 -0.000967707 0.00514022)
(0.00477406 -0.00366225 0.00897627)
(-0.00145046 0.00140556 0.000268459)
(0.000182283 0.00421025 0.00996162)
(0.0010838 0.00516544 0.00525677)
(-0.00108273 0.00284079 0.00469568)
(0.00200535 0.000687923 0.00450138)
(-0.0018904 -0.00702195 5.91118e-05)
(-0.000908602 0.00448739 0.00434009)
(-0.00198774 0.00556146 0.00771694)
(-5.7339e-06 -0.00493425 0.00519352)
(0.00477627 0.00404526 0.00769073)
(-0.000322615 0.000454581 0.00740992)
(-0.00271813 0.00541209 0.00206655)
(-0.0020876 0.00212019 0.00865606)
(-6.51959e-05 -0.000128942 0.00388153)
(0.00207699 0.00468342 0.00324951)
(0.000550922 -0.00374269 0.00874134)
(0.00165259 0.00247983 0.00065099)
(0.0044896 -0.00201264 0.000538061)
(-0.00285152 0.00271482 0.00865111)
(0.00218301 0.00434447 0.00377695)
(-0.00180203 -0.00180785 0.00180731)
(-0.00243718 0.000623858 0.00367018)
(0.00552839 0.00111163 0.00586021)
(-0.00637841 0.00178792 0.00915294)
(-0.00202347 -0.00447794 0.0068761)
(0.003823 -0.00364117 0.00953589)
(-0.00125627 0.0058139 0.00528825)
(0.00139323 -0.00124406 0.00409957)
(0.00369602 0.00356715 0.00310961)
(-0.0022001 0.000366677 0.00361861)
(-0.00276511 -0.00336093 0.000100295)
(0.00272198 -0.00190593 0.00718507)
(0.000144603 -0.00123012 0.000603061)
(0.00185543 0.00331282 0.00793755)
(0.00656084 -0.00123611 0.00492401)
(-0.0025545 -0.00406617 0.00162568)
(0.000768208 0.00124305 0.00656345)
(-0.0010147 0.00147977 0.00234972)
(0.00372723 -0.00322469 0.00342066)
(-0.00192076 -0.0029905 0.00493577)
(-0.000226302 -0.00511441 0.000683282)
(0.00388484 -0.00013166 0.000851522)
(0.0024852 -0.00589125 0.00567143)
(-0.00222583 0.00187982 0.00560927)
(0.0021444 -0.00515515 0.0076337)
(0.00300359 -0.000897266 0.00573563)
(-0.00166926 -0.00100344 0.00984356)
(-0.00241204 -0.00108784 0.0095692)
(0.000102132 -0.00293801 0.00468969)
(0.000565052 0.0050516 0.00228987)
(-0.00054683 0.00381985 0.00482313)
(-0.00467607 0.0002285 0.00671339)
(-0.000111543 0.00444551 0.00697474)
(0.00185336 0.00501882 0.00936247)
(0.00237706 -0.00227027 0.0082483)
(-0.000690265 0.00111056 0.00518062)
(-0.00418226 0.00142254 0.00980462)
(-0.00481736 0.000879654 0.00130281)
(0.0022138 -0.0051513 0.00775093)
(0.00127677 -0.00497796 0.00195833)
(0.00134371 0.00407298 0.000913021)
(-0.0042774 -0.00194659 0.00808387)
(0.00272348 -0.00180533 0.00400973)
(0.00233691 -0.00391364 0.00850548)
(0.000113033 -0.00135497 0.00156438)
(0.0037696 0.000499917 0.00268294)
(0.00678107 -0.00107103 0.0098712)
(-0.00211019 -0.0046377 0.00345437)
(-0.0071362 0.00167859 0.00878493)
(-0.00158742 0.000869462 0.00544128)
(-0.00101131 -0.00698842 0.0055641)
(0.00249733 0.00339997 0.00591961)
(0.0032542 0.00318864 0.00281176)
(0.00010108 -0.00637532 0.0076182)
(-0.00273323 0.000680119 0.00312858)
(0.000965442 -0.0048959 0.00487003)
(-0.00205652 0.00196096 0.000373539)
(0.00611661 -0.00171715 0.00987175)
(0.00106856 -0.00153028 0.0045722)
(-0.00245064 -0.00382943 0.00974929)
(0.00349493 0.003636 0.00596508)
(-2.91589e-05 0.00263861 0.00762241)
(0.00148953 0.00298375 0.00780657)
(0.00280591 -0.000409923 0.00512495)
(-0.00475091 0.0014672 0.00378853)
(0.000520909 -0.00281351 0.00357578)
(0.00484277 0.00171 0.00794442)
(-0.00243741 0.00259151 0.00986559)
(0.00567422 -0.00379473 0.00231468)
(-0.00268804 -0.00286636 0.00910547)
(-0.000725705 0.00312491 0.00925488)
(-0.000182592 0.00253024 0.00753064)
(-0.00652765 0.0019522 0.0049761)
(-0.00148108 -0.005058 0.00662317)
(0.00565923 -0.000435235 0.000860582)
(-0.00203284 -0.000694446 0.0081334)
(-0.00274826 -0.00157016 0.00623523)
(0.00260681 -0.00162672 0.000353384)
(-0.00259523 -0.00104246 0.00858275)
(0.00164626 0.00166148 0.00334696)
(-0.00192894 -0.00107884 4.69533e-05)
(-0.00338952 0.00502595 0.00818797)
(-0.000464863 0.00434858 0.000419578)
(-0.00188664 0.00253171 0.0018668)
(-0.00398057 -0.000948146 0.00810913)
(0.00135357 0.00294387 0.00153582)
(0.000606843 -0.00149239 0.00188452)
(-0.00185194 -0.00222202 0.000610422)
(0.000573017 -0.0019178 0.00200213)
(-9.27156e-05 0.000726503 0.00650471)
(-0.000189393 0.00297141 0.00568882)
(-0.00268499 0.000516731 0.00700806)
(-0.00789179 -0.000185446 0.00777944)
(-0.00689949 0.00079381 0.00657074)
(0.00166494 0.00302644 0.0006698)
(0.00603737 -0.00135967 0.00450164)
(-0.00642586 0.000124815 0.00344408)
(0.00302955 0.00396579 0.0087656)
(0.00119971 -0.00319847 0.00374659)
(-0.000688092 0.000923479 0.0022625)
(0.00100596 -0.0043162 0.0088636)
(0.00103682 0.00535413 0.00572274)
(0.000786721 -0.00219779 0.00444449)
(0.000898839 7.99231e-05 0.00964759)
(-0.000813655 0.00216882 0.00874209)
(-0.00178233 -0.00401796 0.00989306)
(0.000271068 0.00439894 0.00263417)
(-0.00174537 0.00365259 0.00256721)
(-0.00157764 0.00495818 0.0014118)
(0.00475053 0.000185251 0.00419268)
(-0.0012297 -0.00471555 0.00266893)
(0.000756542 -0.000382857 0.009556)
(0.00330322 -0.00134525 0.00435235)
(0.00539196 0.00149829 0.00537602)
(-0.0011097 0.00292532 0.00901299)
(0.00304393 -0.00076928 0.00292999)
(0.00248944 -0.00355709 0.00630018)
(0.000987033 3.63064e-05 0.00525221)
(-0.0025954 -0.00120028 0.00893478)
(-0.00137362 0.00162266 0.00402281)
(0.00133106 0.000586599 0.0098867)
(0.000647479 -0.00580357 0.00446332)
(0.000337207 -0.00360855 0.000352924)
(-0.0016338 0.00506556 0.00841872)
(0.00237267 -0.0034387 0.00218005)
(0.00199368 -3.40747e-05 0.00628719)
(0.00366387 0.00149911 0.00274646)
(-0.00385314 -0.00497077 0.00842711)
(-0.00110389 -0.00141677 0.00472224)
(0.00298525 -0.00355426 7.57688e-05)
(-0.00355311 -0.00452643 0.000165751)
(0.00319988 -0.000187263 0.00640422)
(-0.000744366 -0.00164514 0.00182885)
(-0.00241133 0.0038591 0.00704823)
(-0.00117804 0.000764847 0.00303481)
(0.00188733 0.00346997 0.00709618)
(-0.00383187 0.000154314 0.00501583)
(-0.00163726 -0.00181618 0.00898906)
(-0.00170525 -0.000298236 0.00385492)
(-0.00378244 0.000576466 0.000277229)
(0.00133804 -0.000999329 0.0023867)
(0.00129241 -0.00168811 0.00127614)
(0.00547176 0.0043117 0.00578086)
(-0.00203913 -0.0016523 0.00990376)
(-0.00175658 -0.000651387 0.00285834)
(-0.00279366 0.00119659 0.0050345)
(-0.00544233 4.05635e-05 0.00863063)
(0.00346348 -0.00221257 0.00124552)
(0.00027533 -0.00495404 0.00976427)
(-0.00143039 0.000256319 0.00215076)
(0.00215371 0.000229718 0.00796735)
(-0.00661263 -0.00230733 0.00405659)
(-0.00153047 0.00396285 0.00664859)
(0.00146039 0.00205532 0.00584385)
(0.00417375 -0.000533242 0.00293526)
(0.0025598 0.000698657 0.00602415)
(0.00283961 0.00105944 0.00573072)
(-0.00628512 -0.00109021 0.00984252)
(-0.00107189 -0.00147654 0.00104676)
(0.004397 0.00275007 0.00771246)
(-0.000353264 0.00227772 0.00156005)
(-0.00607363 -0.00342578 0.00959954)
(-0.00450671 0.000230745 0.00258609)
(-0.00114628 0.00686491 0.00865595)
(0.001295 0.00084488 0.00921365)
(0.00369186 0.0013825 0.00878665)
(-0.00376236 0.002729 0.00445501)
(-0.0031006 -0.0010424 0.00281272)
(0.00279957 -0.00150568 0.00826149)
(-0.00267712 0.00477369 0.00113068)
(-0.000382475 0.00414031 0.00081375)
(-0.00239454 0.00342024 0.00409963)
(0.00207149 -0.0029623 0.00466689)
(0.00522049 0.00277506 0.00493315)
(0.000643951 -2.53737e-05 0.00589983)
(0.00422705 -5.14802e-05 0.00322602)
(-0.00542546 -0.00126779 0.00961865)
(-0.00281191 0.00187329 0.00716512)
(0.00622466 -0.000257808 0.000680975)
(-0.00512513 -0.00174685 0.00568743)
(-0.00107941 -0.00301367 0.00898327)
(-0.000565085 0.000595988 0.0047702)
(0.00225737 0.00467904 0.00272642)
(0.00165543 -0.00222065 0.00981386)
(0.00620721 0.00212086 0.00617614)
(-0.00204988 -0.00463612 0.00507998)
(-0.00145604 -0.000278928 0.00475435)
(0.00372748 0.00205898 0.00756597)
(-6.32928e-05 -0.00152924 0.0098208)
(0.00307468 -0.00038296 0.00654241)
(0.00149236 -0.000768714 0.00736666)
(-0.00251906 0.00282536 0.00570625)
(0.00166189 0.000162583 0.00693462)
(-0.00231305 0.00244971 0.00984762)
(0.00258035 -0.00356645 0.00643103)
(-0.00345414 0.00110929 0.0038432)
(0.00273019 0.00306402 0.00268185)
(-0.00286034 -0.00150626 0.00168391)
(0.00105263 0.00407327 0.00105896)
(-0.00613123 0.000970526 0.00884609)
(0.00190756 -0.00251616 0.00337083)
(0.00280145 -0.00228405 0.000517286)
(0.00215202 -0.00186186 0.00723803)
(-0.00379301 0.000993905 0.00306632)
(0.00140718 -0.00489273 0.00288372)
(0.00376127 0.00479728 0.00511129)
(0.00194719 0.00149914 0.00211857)
(0.00175911 0.003488 0.0027621)
(-0.00288593 0.0029518 0.00203539)
(0.000289076 -0.00321342 0.00033071)
(-0.000398508 -0.00534496 0.00331003)
(0.00217281 0.00232428 0.0032139)
(-0.00284506 -0.00499286 0.00649604)
(0.000350426 -0.00201265 0.00377255)
(0.00233222 0.0042079 0.00972519)
(0.00465184 0.00156318 0.00656539)
(0.00305434 4.82171e-05 0.00972736)
(0.0011226 0.0021353 0.00995538)
(0.000993855 -0.00295541 0.00127278)
(-4.90701e-05 -0.00445266 0.00603504)
(-0.00289241 -0.00225287 0.00696552)
(0.00182079 -0.00451175 0.00838135)
(0.00570457 -0.000592191 0.00495731)
(1.76139e-05 -0.00281796 0.00122357)
(0.00404094 -0.003037 0.00164728)
(-0.000926442 -0.00148708 0.0077817)
(0.000609746 -0.00168862 0.0066495)
(0.00144901 -0.00413297 0.00380708)
(-0.00258715 -0.000457749 0.00296241)
(0.00375404 0.00391618 0.00259692)
(3.37468e-05 -0.000217976 0.00492284)
(0.00177474 -0.00298118 0.00970575)
(0.00615955 -0.00111806 6.67009e-05)
(0.00235751 -0.00615313 0.00992003)
(0.00209081 0.00576296 0.00218782)
(-0.00310725 0.00317937 0.00612419)
(0.00358214 -0.00180395 0.00112134)
(-0.00390394 0.00177682 0.00877916)
(-0.00116001 -0.000992206 0.00962885)
(-0.00104114 0.00509938 0.000727581)
(-0.00191164 -0.00320665 0.00366424)
(0.00156076 -0.00209622 0.008688)
(-0.00654077 0.00353915 0.00858578)
(-0.000969632 0.00452845 0.00325212)
(-0.00410226 0.00280134 0.000844125)
(0.00297774 -0.00265979 0.00506971)
(0.0027015 0.001253 0.00856822)
(-0.00407782 0.000112493 0.000230276)
(0.00072276 0.00252384 0.00686177)
(-0.0052286 0.00048791 0.00682331)
(0.0025414 0.0024365 0.00784803)
(0.000160105 0.001176 0.00310684)
(-0.00152316 -0.00130112 0.00721473)
(0.00625435 -0.00345708 0.00110366)
(0.00439089 0.00117909 0.00155816)
(0.00308075 0.00354818 0.00938529)
(0.00464982 0.00474909 7.44641e-05)
(-0.00112783 -0.000988178 0.00265302)
(0.00116803 0.00486237 0.00494274)
(-0.00297285 -0.000786485 0.00147252)
(-0.00174997 0.0038511 0.0091565)
(-0.00484633 -0.00193562 0.00163152)
(0.00286117 0.00211965 0.00665006)
(-0.00220184 0.0032743 0.00689967)
(-0.00483354 0.00359393 0.00522926)
(0.000156795 0.00267735 0.00165354)
(0.00294189 0.000682239 0.00189387)
(-0.00378808 -0.00160988 0.00148315)
(-0.00198645 -0.00319043 0.00424047)
(-0.00398228 0.00125676 0.000444574)
(0.00207947 0.00116725 0.00576687)
(-0.00312835 0.000745758 0.00865678)
(0.00185297 -0.00300912 0.00553751)
(0.00247231 0.00211242 0.00839794)
(-0.00149944 -0.0051818 0.00558715)
(0.00202754 0.00391253 0.00265847)
(0.00529393 -9.21051e-05 0.00846648)
(-0.000541848 -0.00217132 0.00705904)
(-0.00172155 -0.00251438 0.00381229)
(0.00242294 0.00322974 0.003877)
(-0.00445398 0.000442624 0.000160977)
(-0.00379745 -0.00184017 0.000225425)
(-0.00148824 -0.000136022 0.00106232)
(0.00311474 -0.00549474 0.00636601)
(0.00536419 0.00300746 0.00334326)
(0.000802166 0.00373686 0.00691688)
(-0.00125951 -0.00593955 0.00752101)
(0.000965797 -0.00295131 0.00305625)
(-0.00278235 0.00257517 0.00416456)
(0.0032368 -0.00231165 0.00521035)
(-0.00265255 0.00326949 0.00113374)
(0.00593036 -0.00217531 0.00237338)
(-0.0012032 0.000727633 0.00744982)
(0.00130476 -0.00592724 0.00438722)
(0.00041828 0.00674513 0.00556544)
(-0.00287964 0.00275115 0.00389746)
(0.0075267 0.00184529 0.00252204)
(0.00093021 0.00401925 0.00946835)
(-0.000435802 -0.00442609 0.00277821)
(-0.0040954 0.000263565 0.00359897)
(-0.00233572 0.00199671 0.00603371)
(0.00476165 -0.000230065 0.00158285)
(0.00184682 0.000578685 0.00299837)
(-0.00189447 0.00379861 0.00176646)
(0.00145101 0.00495924 0.00992645)
(0.000141696 0.00456449 0.0030842)
(-0.00463951 0.000596335 3.83049e-05)
(-0.0046628 0.00170091 0.00381531)
(0.00267872 0.00219682 0.00991692)
(-0.00337909 0.00229453 0.00471095)
(0.00155367 0.00161493 0.00430405)
(0.000960719 0.0036549 0.00438725)
(0.00524453 -0.00204492 0.0026366)
(0.00434561 0.000148699 0.00367623)
(0.00400641 0.00471829 0.00972592)
(0.00427145 0.00162551 0.000670544)
(0.00233915 -0.00671535 0.00838111)
(0.00178601 0.00198811 0.00684148)
(-0.00201442 0.00442663 0.0077725)
(0.000441951 0.00240131 0.00111048)
(-0.0025288 0.00197921 0.0044702)
(-0.000896733 -0.0022054 0.00847279)
(-0.00468964 0.00516074 0.00986287)
(-0.00234603 0.00250137 0.0043479)
(0.000851094 0.000836504 0.00740661)
(0.000847332 -0.00355908 0.00290687)
(-0.000858521 -0.00415355 0.00815458)
(-0.00322742 0.0034341 0.00436849)
(-0.00481568 0.000651983 0.00350032)
(-0.0021726 -0.00382431 0.00948923)
(0.00410946 -0.00290022 0.00802664)
(-0.00362884 0.00294014 0.00294447)
(-0.00160923 -0.0022891 0.00115108)
(0.000199287 0.000436985 0.00820775)
(-0.000608615 0.000758829 0.00725977)
(0.000647095 0.00452398 0.00201328)
(-0.00111518 0.00318803 0.00895095)
(0.00401187 0.000301485 0.00561566)
(-0.00044795 0.00253549 0.00882369)
(0.00501738 0.00013984 0.00337999)
(0.0013771 -9.9786e-05 0.0068378)
(-0.00452571 -0.00119657 0.00729115)
(-0.00500609 0.00164169 0.0068894)
(-0.000794863 0.00211569 0.00221288)
(-0.00190036 -0.00255166 0.00480177)
(-0.00186574 -0.00193591 0.00470556)
(0.0059895 -0.00160521 0.00799823)
(0.00115972 0.000960947 0.00936788)
(0.0041239 -0.000866473 0.000852516)
(-0.00372916 0.00481235 0.00314296)
(-0.000172634 -0.00196268 0.00608251)
(0.00196788 0.00188655 0.00637361)
(0.00041607 0.00288611 0.0033057)
(-0.00100778 -0.00134107 0.000825969)
(-0.00188804 0.000617749 0.0018456)
(-0.00701158 -0.00372978 0.00453478)
(-0.00271598 0.000871189 0.00655248)
(-0.00380079 -0.00331359 0.00302962)
(0.00188701 -0.000471309 0.00244942)
(-0.00106678 -0.000336765 0.000286843)
(0.00356726 -0.00359573 0.00205986)
(0.000879227 -0.00331138 0.00375997)
(-0.00256434 0.00301825 0.000531331)
(-0.00389741 0.00224685 8.71229e-05)
(0.00331758 0.00283537 0.0082881)
(0.00285399 0.0062428 0.00585007)
(-0.00409227 0.00298121 0.00410478)
(-0.00303669 -0.000381674 0.00211583)
(0.00209117 0.00042135 0.00314799)
(-0.000376707 0.00548523 0.00519355)
(-0.000638584 -0.00532383 0.00234805)
(-0.00147714 0.00446923 0.0036622)
(0.00251389 0.00381415 0.00827244)
(0.0015241 0.00317255 0.00122969)
(-0.00174855 0.00391566 0.00732378)
(0.0013468 -0.00295566 0.00827862)
(-0.00153236 0.00330516 0.00292861)
(-0.00124252 0.00249157 0.00155843)
(-0.000743222 -0.0012783 0.00387253)
(-0.00189769 -0.00153649 0.00733558)
(0.000469328 0.00114731 0.00361913)
(0.00430042 0.00410948 0.00269119)
(0.00172971 0.000121262 0.00297048)
(0.00301611 -0.00168853 0.0037619)
(0.00368023 0.00142491 0.00675662)
(-0.00373435 0.000601736 0.00496858)
(-0.0027269 -0.00057851 0.00724919)
(0.00119452 -0.0013471 0.00901837)
(0.00428265 -0.00177959 0.0086613)
(0.00211549 0.00379375 0.00990426)
(0.00300021 0.00192646 0.0023845)
(0.0002791 0.00157657 0.000538978)
(-0.00322102 -0.00441044 0.00947184)
(-0.00127707 -0.00329616 0.00511183)
(-0.00224439 -0.00228303 0.00946483)
(0.00276037 0.00552328 0.00337299)
(-0.000944818 0.00104687 0.00393172)
(-0.000111918 -0.00533787 0.0065264)
(0.00564115 -0.000737691 0.00443175)
(0.00363672 0.00150521 0.00977356)
(0.00570648 -0.0026101 0.00377639)
(-0.00655377 0.00238584 0.00167399)
(-0.00178428 0.00338662 0.0017761)
(0.00124972 0.00172212 0.00168414)
(-0.00225185 0.00469635 0.000439915)
(-0.00492839 -0.00198432 0.00243813)
(0.00322259 0.0022772 0.00807785)
(0.00326809 0.00154273 0.00257572)
(0.00264079 0.00311529 7.94135e-05)
(-0.000886279 -0.00192766 0.00158095)
(-0.0020293 -0.00267148 0.00217408)
(-0.00205373 0.000300126 0.00889715)
(-0.00246856 -0.00490091 0.000912357)
(0.00256346 0.00618242 0.00348393)
(0.00154927 0.002658 0.00856418)
(-0.000852099 0.00164314 0.00708551)
(-0.000856793 -0.00114824 0.000193493)
(0.00123319 0.000117814 0.00316681)
(0.00367026 -0.0018731 0.00197146)
(0.000234102 0.000509411 0.00568105)
(-0.00201698 -0.00451616 0.00101086)
(0.000850053 -0.00445096 0.00172705)
(0.00116098 -0.000590684 0.00620862)
(-0.00191399 0.000203843 0.00916694)
(-0.0036051 0.0012275 0.00755003)
(0.00388569 -0.00294076 0.00163645)
(-0.00607131 -0.000887223 0.00331644)
(-0.000193432 -1.24009e-05 0.00962362)
(0.000257205 -0.000399803 0.00196336)
(0.00121722 -0.000959015 0.00169082)
(0.00240509 0.00427705 0.000529602)
(-0.000249681 0.00210264 0.0040317)
(0.00387823 -0.00248776 0.0085866)
(0.00630912 0.00091189 0.0074676)
(-0.00148671 0.00195101 0.00897922)
(-0.00123045 0.000592102 0.00237355)
(0.00109346 0.00068444 0.0031971)
(-0.00129264 -0.0002783 0.00823009)
(-0.00172663 0.000145025 0.00985887)
(0.00304606 0.0065121 0.00776665)
(-0.00210547 -0.00148958 0.00972464)
(0.00155909 0.00241301 0.00886156)
(0.00355905 0.00196155 0.00153348)
(0.000528593 -0.00314636 0.00527396)
(0.000831623 -0.00212603 0.00230135)
(0.000492461 0.00318016 0.00451684)
(-0.00266185 -0.00128285 0.00236952)
(6.75816e-05 -0.000776897 0.00113809)
(0.00122385 -0.00158994 0.000254548)
(0.000112882 0.00212929 0.00840627)
(0.00183564 -0.00105283 0.00357005)
(-0.00471005 -0.00234439 0.00839468)
(0.000256712 0.00076762 0.00233532)
(0.0025145 -0.00132334 0.00498409)
(0.00137742 -0.00461814 0.00177778)
(0.00186009 -0.00508906 0.00805509)
(-0.00420022 -0.00362933 0.00792045)
(0.00404684 0.00150438 0.00733968)
(-0.00103134 0.0049363 0.00649579)
(0.00367956 -0.000694993 0.000814172)
(-0.000313335 -0.00165881 0.00566577)
(0.00120038 -0.0015351 0.00839638)
(-0.00437148 0.00242486 0.00178477)
(0.00411898 -0.00111068 0.00470159)
(-0.00180121 -1.90732e-05 0.00914149)
(0.00301922 -0.00139497 0.00439246)
(0.00142489 0.00178138 0.00280369)
(0.00213093 -0.0009543 0.00980583)
(-0.00169449 0.0017602 0.000745471)
(0.00317717 0.00196305 0.0030557)
(-0.00161941 -0.00340762 0.0025736)
(-0.000588928 0.000646538 0.00672451)
(0.00290613 -8.66566e-05 0.00262346)
(-0.000576307 0.000875717 0.00690178)
(0.000340015 -0.00449282 0.00549769)
(0.00321905 -0.00482249 0.00440563)
(0.00238018 -0.00183812 0.00182)
(-0.000151771 -0.00279881 0.00571154)
(-0.0052294 -0.00159279 0.00477566)
(0.00308622 0.00280165 0.00811084)
(-0.00606349 0.00335817 0.00230043)
(-0.00093542 0.0024858 0.00883943)
(0.00189736 0.00526648 0.000810342)
(-0.003245 0.000110328 0.00920877)
(0.00161335 0.00271838 0.00295204)
(-0.000964114 0.00387068 0.000744489)
(-0.00153599 -0.00141727 0.00687665)
(0.00190294 0.00261268 0.00185168)
(-0.000917294 0.000767474 0.00580145)
(-0.00509304 -0.0027403 0.00145538)
(-0.000578835 0.00153806 0.0077481)
(0.00312406 -0.00131386 0.00182805)
(0.000837218 -0.00391948 0.00694095)
(0.00311531 0.00136177 0.00788303)
(0.00599875 0.00234944 0.00822873)
(-0.00501394 -0.00180236 0.00844018)
(-0.00248088 -0.00168868 0.00600402)
(-0.00195478 -0.00303675 0.00879403)
(-0.000941938 -4.00123e-05 0.00678859)
(0.00512865 0.000657058 0.00229344)
(-0.000408901 0.00409678 0.00434081)
(0.0022556 0.00207221 0.00948509)
(0.00240448 -0.0027942 0.00688161)
(0.00527713 -0.00284439 0.00346926)
(-0.00302632 0.00161159 0.00151576)
(0.00406947 0.00294617 0.00275992)
(0.000801105 0.00628775 0.00999274)
(0.00108935 -0.00270061 0.00479473)
(0.00254626 0.000814694 0.00690082)
(0.00405772 -0.00175278 0.00163859)
(-0.00412149 0.00527482 0.00637118)
(0.00191824 -0.00237498 0.00461825)
(0.00373105 -0.00133846 0.0083651)
(0.00189389 0.000418564 0.00768928)
(-0.00271979 -0.00285555 0.00767669)
(0.00724427 0.00261745 0.00812744)
(0.000533685 1.16195e-05 0.000731936)
(-0.00225266 -0.00544119 0.0051569)
(0.00157656 -0.00514896 0.0018808)
(0.00386075 0.000221892 0.0078473)
(0.00152239 0.00390103 0.00348892)
(0.00283058 -0.000371199 0.00774837)
(0.000580537 0.00620488 0.00543498)
(-0.00421777 0.00558959 0.00579857)
(-0.00116562 -0.00229156 0.00224525)
(0.000302956 -0.00556958 0.000958548)
(-0.00278827 -0.00270182 0.0026918)
(-0.00222515 0.000392008 0.00317242)
(0.00211969 0.00294136 0.00030589)
(-0.000450697 -0.000353391 0.00629619)
(0.00221002 0.00612357 0.00262227)
(-0.00342809 0.00495217 0.00290533)
(0.00414532 0.00012967 0.00517757)
(-0.00220874 0.0043449 0.00887686)
(0.00448676 -0.00116466 0.00550442)
(0.00143592 0.00118161 0.000760063)
(0.00246904 0.00167094 0.00430649)
(-0.00220013 -0.00169341 0.00542966)
(-0.00257464 -0.00382678 0.00636692)
(-0.0040301 -0.00187318 0.00298342)
(0.00183938 -0.00115804 0.00540639)
(0.00354394 0.00249231 0.0016716)
(0.00609122 -0.00119365 0.00598283)
(-0.00321766 0.00363136 0.000868868)
(0.00166649 -0.00594778 0.00127898)
(-2.56879e-05 6.99328e-05 0.0012155)
(-0.000629359 -0.000419218 0.00956959)
(-0.00442684 -0.00345754 0.0010245)
(-0.000776036 0.000699337 0.00825387)
(0.000198773 -0.00124781 0.000230996)
(0.00438546 -0.00480595 0.00775201)
(0.00282204 0.00123108 0.00762947)
(-0.0043578 0.000325813 0.00156111)
(0.000372811 -0.00283736 0.00706797)
(-0.00208794 -0.00332103 0.00199351)
(0.000581015 0.000636381 0.00153366)
(-0.00211952 0.0022194 0.00640241)
(0.0023471 -0.00308428 0.00175998)
(-0.00542212 0.00333613 0.00817472)
(-0.00219171 -0.000141166 0.00289493)
(-0.00149619 -0.000217982 0.00352358)
(-0.00109771 0.00469855 0.00684391)
(0.00200389 0.000941792 0.000197064)
(0.00312694 -0.00440989 0.00735075)
(0.000817194 -0.00377098 0.000828475)
(0.000939835 0.00668698 0.00941757)
(0.00370248 0.00377052 0.00998607)
(-0.000446513 0.00115671 0.00129081)
(-0.00321104 0.0004546 0.00514374)
(-0.000268062 0.00283532 0.00148953)
(0.0024803 -0.00437489 0.00388385)
(-0.00217406 -0.00620064 0.00291318)
(-0.00202961 0.00203641 0.00921586)
(-0.00255052 -0.00301181 0.00026772)
(-0.00680782 0.00290917 0.00295487)
(-0.000753771 0.0053039 0.00609004)
(-0.00215242 0.00439516 0.0015946)
(-0.00480339 0.00431708 0.00495558)
(0.00148476 -0.00137437 0.0080895)
(-0.0020644 -2.47878e-05 0.00492196)
(-0.000716674 0.00131328 0.00931054)
(-0.00199545 0.00312035 0.00850246)
(0.00231985 0.00113222 0.00866242)
(0.000617654 0.000490877 0.00604054)
(-0.00624341 0.000404965 0.0018364)
(-0.00325169 -0.00168661 0.00999804)
(0.00224034 -0.0014416 0.00650047)
(-0.00589097 0.00122795 0.00832783)
(0.00553522 -0.00300274 0.00788957)
(0.00410402 0.00029552 0.00417494)
(-0.00393532 0.000121097 0.00203096)
(-0.00014804 0.00435624 0.00276387)
(-0.00161591 -0.00261256 0.00352772)
(-0.00341375 -0.00247921 0.00222444)
(0.0045169 -0.00336762 9.76914e-05)
(-0.00633019 -0.000460303 0.00942002)
(-0.00103732 0.00534689 0.0099353)
(-0.000333637 0.0020195 0.000197109)
(0.00230403 -0.0060627 0.000917026)
(0.00300367 0.0024641 0.00944453)
(-0.00256221 -9.17525e-05 0.00868064)
(-0.00415953 0.00125186 0.00928068)
(0.00272404 0.000453567 0.00145344)
(-0.00184553 0.00214314 0.00371714)
(6.13967e-05 0.00306341 8.41752e-05)
(0.00257594 -0.0011314 0.00475428)
(0.00531394 0.000392076 0.00953013)
(-0.00256757 -0.00268463 0.000907812)
(0.00335683 -0.00175806 0.00703365)
(-0.00354012 -0.00373739 0.00288771)
(0.00365455 0.0019342 0.00453425)
(-0.0063697 0.00123076 0.00551808)
(-0.00496819 -0.00220196 0.00766514)
(0.00239782 0.00396074 0.00285893)
(0.00477997 0.00179019 0.00690891)
(-0.00345998 0.000719354 0.00288761)
(-0.000998767 -0.00315286 0.00250574)
(-0.000663421 9.29189e-05 0.00546734)
(-0.000443424 -0.00488112 0.00883048)
(-0.0026259 -0.00312218 0.00998205)
(-0.00381796 -8.4322e-05 0.00118807)
(-0.000643014 0.00290687 0.0043857)
(-0.000529314 -0.00349596 0.00765561)
(0.00143109 0.00315206 0.00791901)
(-0.00260825 -0.00253658 0.0011269)
(0.00421606 -0.00145281 0.000464765)
(-0.000966951 -0.00542379 0.000176634)
(-0.00568684 -0.00199975 0.0003184)
(0.00182212 -0.000280448 0.00169404)
(-0.00262906 -0.0032418 0.000212662)
(0.00236173 0.00504037 0.00739525)
(0.00476298 0.00386847 0.00664707)
(0.00154387 -0.0027689 0.00877552)
(-0.00626504 -6.35841e-06 0.0041592)
(0.00069848 0.00435356 0.00164891)
(0.000347296 0.000505725 0.00479657)
(-0.000187026 0.000682195 0.00576928)
(-0.00163442 -0.00211255 0.00277271)
(-0.00164754 -0.003578 0.00951248)
(0.00184122 -0.00172867 0.00888854)
(0.0012118 -0.00191112 0.00416226)
(0.00312692 0.00676789 0.00956669)
(-0.002325 0.00311036 0.00908226)
(0.00205334 -0.00222018 0.00703354)
(-0.00459535 -0.0042567 0.00768891)
(-0.00157804 0.00232562 0.00243688)
(-0.00158131 -0.0023399 0.00691698)
(-0.0058288 -0.00124318 0.00270592)
(0.000905738 -0.00222956 0.00349808)
(0.00202903 0.000141172 0.00153488)
(0.0032591 0.00125976 0.00228092)
(-0.00489286 -0.00161276 0.000936475)
(0.00517092 0.00288761 0.00605116)
(-0.00407144 0.00338914 0.00850179)
(0.000948067 -0.00360603 0.00202564)
(-0.000106892 0.00339444 0.0004636)
(0.00351999 -0.0022077 0.0044268)
(-0.00014175 -0.00104593 0.00449399)
(-0.00126533 -0.000141866 0.00438153)
(0.00323765 -0.000231896 0.00851662)
(-0.000691691 0.00248114 0.00121836)
(0.00235002 0.0049567 0.00697349)
(0.0030021 -0.00218445 0.00431671)
(-0.000607356 -0.00258358 0.00995563)
(-0.00173461 -0.00641461 0.00820288)
(-0.00342139 -0.00434963 0.00608923)
(-0.00115161 0.00354785 0.00485028)
(-0.00053284 0.00507175 0.00378576)
(-0.000559467 -0.00320031 0.00841119)
(0.00170699 -0.00175294 0.00210906)
(-0.00746684 0.00133218 0.00237598)
(0.00267354 -0.00148276 0.00223297)
)


// ************************************************************************* //
