(
(0.00000000000000 52.5630108000000)
(0.00100000000000 52.6392151445823)
(0.00200000000000 52.7134450852865)
(0.00300000000000 52.7857140267378)
(0.00400000000000 52.8560365059585)
(0.00500000000000 52.9244281809883)
(0.00600000000000 52.9909058184598)
(0.00700000000000 53.0554872801427)
(0.00800000000000 53.1181915084696)
(0.00900000000000 53.1790385110590)
(0.01000000000000 53.2380493442498)
(0.01100000000000 53.2952460956671)
(0.01200000000000 53.3506518658341)
(0.01300000000000 53.4042907488517)
(0.01400000000000 53.4561878121653)
(0.01500000000000 53.5063690754389)
(0.01600000000000 53.5548614885608)
(0.01700000000000 53.6016929088014)
(0.01800000000000 53.6468920771503)
(0.01900000000000 53.6904885938539)
(0.02000000000000 53.7325128931835)
(0.02100000000000 53.7729962174568)
(0.02200000000000 53.8119705903427)
(0.02300000000000 53.8494687894773)
(0.02400000000000 53.8855243184186)
(0.02500000000000 53.9201713779723)
(0.02600000000000 53.9534448369165)
(0.02700000000000 53.9853802021576)
(0.02800000000000 54.0160135883495)
(0.02900000000000 54.0453816870073)
(0.03000000000000 54.0735217351488)
(0.03100000000000 54.1004714834966)
(0.03200000000000 54.1262691642754)
(0.03300000000000 54.1509534586377)
(0.03400000000000 54.1745634637525)
(0.03500000000000 54.1971386595922)
(0.03600000000000 54.2187188754527)
(0.03700000000000 54.2393442562414)
(0.03800000000000 54.2590552285696)
(0.03900000000000 54.2778924666843)
(0.04000000000000 54.2958968582750)
(0.04100000000000 54.3131094701930)
(0.04200000000000 54.3295715141164)
(0.04300000000000 54.3453243121998)
(0.04400000000000 54.3604092627417)
(0.04500000000000 54.3748678059076)
(0.04600000000000 54.3887413895437)
(0.04700000000000 54.4020714351157)
(0.04800000000000 54.4148993038095)
(0.04900000000000 54.4272662628283)
(0.05000000000000 54.4392134519204)
(0.05100000000000 54.4507818501717)
(0.05200000000000 54.4620122430992)
(0.05300000000000 54.4729451900755)
(0.05400000000000 54.4836209921209)
(0.05500000000000 54.4940796600930)
(0.05600000000000 54.5043608833084)
(0.05700000000000 54.5145039986250)
(0.05800000000000 54.5245479600193)
(0.05900000000000 54.5345313086863)
(0.06000000000000 54.5444921436925)
(0.06100000000000 54.5544680932113)
(0.06200000000000 54.5644962863688)
(0.06300000000000 54.5746133257269)
(0.06400000000000 54.5848552604308)
(0.06500000000000 54.5952575600465)
(0.06600000000000 54.6058550891132)
(0.06700000000000 54.6166820824350)
(0.06800000000000 54.6277721211339)
(0.06900000000000 54.6391581094879)
(0.07000000000000 54.6508722525740)
(0.07100000000000 54.6629460347369)
(0.07200000000000 54.6754101989026)
(0.07300000000000 54.6882947267554)
(0.07400000000000 54.7016288197944)
(0.07500000000000 54.7154408812866)
(0.07600000000000 54.7297584991317)
(0.07700000000000 54.7446084296511)
(0.07800000000000 54.7600165823157)
(0.07900000000000 54.7760080054227)
(0.08000000000000 54.7926068727329)
(0.08100000000000 54.8098364710772)
(0.08200000000000 54.8277191889416)
(0.08300000000000 54.8462765060360)
(0.08400000000000 54.8655289838545)
(0.08500000000000 54.8854962572313)
(0.08600000000000 54.9061970268955)
(0.08700000000000 54.9276490530275)
(0.08800000000000 54.9498691498187)
(0.08900000000000 54.9728731810332)
(0.09000000000000 54.9966760565728)
(0.09100000000000 55.0212917300407)
(0.09200000000000 55.0467331973018)
(0.09300000000000 55.0730124960349)
(0.09400000000000 55.1001407062712)
(0.09500000000000 55.1281279519123)
(0.09600000000000 55.1569834032197)
(0.09700000000000 55.1867152802668)
(0.09800000000000 55.2173308573441)
(0.09900000000000 55.2488364683051)
(0.10000000000000 55.2812375128426)
(0.10100000000000 55.3145384636799)
(0.10200000000000 55.3487428746656)
(0.10300000000000 55.3838533897534)
(0.10400000000000 55.4198717528546)
(0.10500000000000 55.4567988185424)
(0.10600000000000 55.4946345635928)
(0.10700000000000 55.5333780993422)
(0.10800000000000 55.5730276848416)
(0.10900000000000 55.6135807407869)
(0.11000000000000 55.6550338642053)
(0.11100000000000 55.6973828438725)
(0.11200000000000 55.7406226764419)
(0.11300000000000 55.7847475832579)
(0.11400000000000 55.8297510278321)
(0.11500000000000 55.8756257339561)
(0.11600000000000 55.9223637044248)
(0.11700000000000 55.9699562403454)
(0.11800000000000 56.0183939610036)
(0.11900000000000 56.0676668242612)
(0.12000000000000 56.1177641474565)
(0.12100000000000 56.1686746287792)
(0.12200000000000 56.2203863690920)
(0.12300000000000 56.2728868941684)
(0.12400000000000 56.3261631773193)
(0.12500000000000 56.3802016623766)
(0.12600000000000 56.4349882870059)
(0.12700000000000 56.4905085063169)
(0.12800000000000 56.5467473167410)
(0.12900000000000 56.6036892801474)
(0.13000000000000 56.6613185481642)
(0.13100000000000 56.7196188866777)
(0.13200000000000 56.7785737004747)
(0.13300000000000 56.8381660580016)
(0.13400000000000 56.8983787162063)
(0.13500000000000 56.9591941454347)
(0.13600000000000 57.0205945543489)
(0.13700000000000 57.0825619148405)
(0.13800000000000 57.1450779869043)
(0.13900000000000 57.2081243434476)
(0.14000000000000 57.2716823950009)
(0.14100000000000 57.3357334143040)
(0.14200000000000 57.4002585607376)
(0.14300000000000 57.4652389045709)
(0.14400000000000 57.5306554509989)
(0.14500000000000 57.5964891639402)
(0.14600000000000 57.6627209895686)
(0.14700000000000 57.7293318795525)
(0.14800000000000 57.7963028139745)
(0.14900000000000 57.8636148239072)
(0.15000000000000 57.9312490136192)
(0.15100000000000 57.9991865823867)
(0.15200000000000 58.0674088458884)
(0.15300000000000 58.1358972571594)
(0.15400000000000 58.2046334270817)
(0.15500000000000 58.2735991443910)
(0.15600000000000 58.3427763951778)
(0.15700000000000 58.4121473818630)
(0.15800000000000 58.4816945416291)
(0.15900000000000 58.5514005642884)
(0.16000000000000 58.6212484095705)
(0.16100000000000 58.6912213238121)
(0.16200000000000 58.7613028560348)
(0.16300000000000 58.8314768733932)
(0.16400000000000 58.9017275759818)
(0.16500000000000 58.9720395109867)
(0.16600000000000 59.0423975861690)
(0.16700000000000 59.1127870826702)
(0.16800000000000 59.1831936671281)
(0.16900000000000 59.2536034030944)
(0.17000000000000 59.3240027617455)
(0.17100000000000 59.3943786318790)
(0.17200000000000 59.4647183291901)
(0.17300000000000 59.5350096048208)
(0.17400000000000 59.6052406531798)
(0.17500000000000 59.6754001190276)
(0.17600000000000 59.7454771038251)
(0.17700000000000 59.8154611713447)
(0.17800000000000 59.8853423525420)
(0.17900000000000 59.9551111496900)
(0.18000000000000 60.0247585397761)
(0.18100000000000 60.0942759771646)
(0.18200000000000 60.1636553955286)
(0.18300000000000 60.2328892090543)
(0.18400000000000 60.3019703129241)
(0.18500000000000 60.3708920830834)
(0.18600000000000 60.4396483752998)
(0.18700000000000 60.5082335235201)
(0.18800000000000 60.5766423375369)
(0.18900000000000 60.6448700999710)
(0.19000000000000 60.7129125625836)
(0.19100000000000 60.7807659419265)
(0.19200000000000 60.8484269143446)
(0.19300000000000 60.9158926103418)
(0.19400000000000 60.9831606083259)
(0.19500000000000 61.0502289277448)
(0.19600000000000 61.1170960216306)
(0.19700000000000 61.1837607685668)
(0.19800000000000 61.2502224640948)
(0.19900000000000 61.3164808115770)
(0.20000000000000 61.3825359125353)
(0.20100000000000 61.4483882564804)
(0.20200000000000 61.5140387102543)
(0.20300000000000 61.5794885069029)
(0.20400000000000 61.6447392340989)
(0.20500000000000 61.7097928221371)
(0.20600000000000 61.7746515315200)
(0.20700000000000 61.8393179401578)
(0.20800000000000 61.9037949302023)
(0.20900000000000 61.9680856745377)
(0.21000000000000 62.0321936229502)
(0.21100000000000 62.0961224879989)
(0.21200000000000 62.1598762306114)
(0.21300000000000 62.2234590454257)
(0.21400000000000 62.2868753459035)
(0.21500000000000 62.3501297492366)
(0.21600000000000 62.4132270610712)
(0.21700000000000 62.4761722600720)
(0.21800000000000 62.5389704823522)
(0.21900000000000 62.6016270057907)
(0.22000000000000 62.6641472342612)
(0.22100000000000 62.7265366817972)
(0.22200000000000 62.7888009567157)
(0.22300000000000 62.8509457457231)
(0.22400000000000 62.9129767980277)
(0.22500000000000 62.9748999094797)
(0.22600000000000 63.0367209067647)
(0.22700000000000 63.0984456316708)
(0.22800000000000 63.1600799254527)
(0.22900000000000 63.2216296133155)
(0.23000000000000 63.2831004890397)
(0.23100000000000 63.3444982997680)
(0.23200000000000 63.4058287309773)
(0.23300000000000 63.4670973916538)
(0.23400000000000 63.5283097996940)
(0.23500000000000 63.5894713675499)
(0.23600000000000 63.6505873881393)
(0.23700000000000 63.7116630210376)
(0.23800000000000 63.7727032789730)
(0.23900000000000 63.8337130146391)
(0.24000000000000 63.8946969078460)
(0.24100000000000 63.9556594530230)
(0.24200000000000 64.0166049470918)
(0.24300000000000 64.0775374777240)
(0.24400000000000 64.1384609119981)
(0.24500000000000 64.1993788854705)
(0.24600000000000 64.2602947916737)
(0.24700000000000 64.3212117720541)
(0.24800000000000 64.3821327063624)
(0.24900000000000 64.4430602035065)
(0.25000000000000 64.5039965928793)
(0.25100000000000 64.5649439161695)
(0.25200000000000 64.6259039196657)
(0.25300000000000 64.6868780470616)
(0.25400000000000 64.7478674327699)
(0.25500000000000 64.8088728957523)
(0.25600000000000 64.8698949338701)
(0.25700000000000 64.9309337187627)
(0.25800000000000 64.9919890912565)
(0.25900000000000 65.0530605573094)
(0.26000000000000 65.1141472844919)
(0.26100000000000 65.1752480990097)
(0.26200000000000 65.2363614832654)
(0.26300000000000 65.2974855739631)
(0.26400000000000 65.3586181607535)
(0.26500000000000 65.4197566854195)
(0.26600000000000 65.4808982415995)
(0.26700000000000 65.5420395750468)
(0.26800000000000 65.6031770844207)
(0.26900000000000 65.6643068226057)
(0.27000000000000 65.7254244985545)
(0.27100000000000 65.7865254796472)
(0.27200000000000 65.8476047945626)
(0.27300000000000 65.9086571366532)
(0.27400000000000 65.9696768678168)
(0.27500000000000 66.0306580228554)
(0.27600000000000 66.0915943143133)
(0.27700000000000 66.1524791377843)
(0.27800000000000 66.2133055776774)
(0.27900000000000 66.2740664134299)
(0.28000000000000 66.3347541261575)
(0.28100000000000 66.3953609057269)
(0.28200000000000 66.4558786582413)
(0.28300000000000 66.5162990139223)
(0.28400000000000 66.5766133353777)
(0.28500000000000 66.6368127262374)
(0.28600000000000 66.6968880401466)
(0.28700000000000 66.7568298900975)
(0.28800000000000 66.8166286580867)
(0.28900000000000 66.8762745050807)
(0.29000000000000 66.9357573812739)
(0.29100000000000 66.9950670366221)
(0.29200000000000 67.0541930316348)
(0.29300000000000 67.1131247484091)
(0.29400000000000 67.1718514018865)
(0.29500000000000 67.2303620513172)
(0.29600000000000 67.2886456119110)
(0.29700000000000 67.3466908666592)
(0.29800000000000 67.4044864783073)
(0.29900000000000 67.4620210014612)
(0.30000000000000 67.5192828948073)
(0.30100000000000 67.5762605334295)
(0.30200000000000 67.6329422212023)
(0.30300000000000 67.6893162032426)
(0.30400000000000 67.7453706784020)
(0.30500000000000 67.8010938117788)
(0.30600000000000 67.8564737472335)
(0.30700000000000 67.9114986198879)
(0.30800000000000 67.9661565685894)
(0.30900000000000 68.0204357483229)
(0.31000000000000 68.0743243425520)
(0.31100000000000 68.1278105754701)
(0.31200000000000 68.1808827241472)
(0.31300000000000 68.2335291305504)
(0.31400000000000 68.2857382134250)
(0.31500000000000 68.3374984800166)
(0.31600000000000 68.3887985376190)
(0.31700000000000 68.4396271049309)
(0.31800000000000 68.4899730232061)
(0.31900000000000 68.5398252671812)
(0.32000000000000 68.5891729557660)
(0.32100000000000 68.6380053624820)
(0.32200000000000 68.6863119256341)
(0.32300000000000 68.7340822582024)
(0.32400000000000 68.7813061574409)
(0.32500000000000 68.8279736141697)
(0.32600000000000 68.8740748217484)
(0.32700000000000 68.9196001847193)
(0.32800000000000 68.9645403271100)
(0.32900000000000 69.0088861003820)
(0.33000000000000 69.0526285910189)
(0.33100000000000 69.0957591277414)
(0.33200000000000 69.1382692883422)
(0.33300000000000 69.1801509061320)
(0.33400000000000 69.2213960759881)
(0.33500000000000 69.2619971599999)
(0.33600000000000 69.3019467927040)
(0.33700000000000 69.3412378859025)
(0.33800000000000 69.3798636330614)
(0.33900000000000 69.4178175132823)
(0.34000000000000 69.4550932948446)
(0.34100000000000 69.4916850383155)
(0.34200000000000 69.5275870992242)
(0.34300000000000 69.5627941302991)
(0.34400000000000 69.5973010832663)
(0.34500000000000 69.6311032102099)
(0.34600000000000 69.6641960644926)
(0.34700000000000 69.6965755012388)
(0.34800000000000 69.7282376773804)
(0.34900000000000 69.7591790512688)
(0.35000000000000 69.7893963818542)
(0.35100000000000 69.8188867274363)
(0.35200000000000 69.8476474439913)
(0.35300000000000 69.8756761830774)
(0.35400000000000 69.9029708893265)
(0.35500000000000 69.9295297975262)
(0.35600000000000 69.9553514292991)
(0.35700000000000 69.9804345893868)
(0.35800000000000 70.0047783615448)
(0.35900000000000 70.0283821040580)
(0.36000000000000 70.0512454448837)
(0.36100000000000 70.0733682764331)
(0.36200000000000 70.0947507499991)
(0.36300000000000 70.1153932698417)
(0.36400000000000 70.1352964869415)
(0.36500000000000 70.1544612924316)
(0.36600000000000 70.1728888107205)
(0.36700000000000 70.1905803923165)
(0.36800000000000 70.2075376063679)
(0.36900000000000 70.2237622329294)
(0.37000000000000 70.2392562549694)
(0.37100000000000 70.2540218501314)
(0.37200000000000 70.2680613822623)
(0.37300000000000 70.2813773927224)
(0.37400000000000 70.2939725914914)
(0.37500000000000 70.3058498480848)
(0.37600000000000 70.3170121822949)
(0.37700000000000 70.3274627547723)
(0.37800000000000 70.3372048574628)
(0.37900000000000 70.3462419039144)
(0.38000000000000 70.3545774194706)
(0.38100000000000 70.3622150313658)
(0.38200000000000 70.3691584587368)
(0.38300000000000 70.3754115025685)
(0.38400000000000 70.3809780355880)
(0.38500000000000 70.3858619921232)
(0.38600000000000 70.3900673579417)
(0.38700000000000 70.3935981600864)
(0.38800000000000 70.3964584567223)
(0.38900000000000 70.3986523270116)
(0.39000000000000 70.4001838610311)
(0.39100000000000 70.4010571497489)
(0.39200000000000 70.4012762750742)
(0.39300000000000 70.4008452999965)
(0.39400000000000 70.3997682588282)
(0.39500000000000 70.3980491475666)
(0.39600000000000 70.3956919143879)
(0.39700000000000 70.3927004502892)
(0.39800000000000 70.3890785798917)
(0.39900000000000 70.3848300524188)
(0.40000000000000 70.3799585328622)
(0.40100000000000 70.3744675933499)
(0.40200000000000 70.3683607047279)
(0.40300000000000 70.3616412283685)
(0.40400000000000 70.3543124082165)
(0.40500000000000 70.3463773630858)
(0.40600000000000 70.3378390792163)
(0.40700000000000 70.3287004031032)
(0.40800000000000 70.3189640346074)
(0.40900000000000 70.3086325203583)
(0.41000000000000 70.2977082474570)
(0.41100000000000 70.2861934374893)
(0.41200000000000 70.2740901408575)
(0.41300000000000 70.2614002314370)
(0.41400000000000 70.2481254015672)
(0.41500000000000 70.2342671573814)
(0.41600000000000 70.2198268144837)
(0.41700000000000 70.2048054939771)
(0.41800000000000 70.1892041188490)
(0.41900000000000 70.1730234107180)
(0.42000000000000 70.1562638869463)
(0.42100000000000 70.1389258581213)
(0.42200000000000 70.1210094259088)
(0.42300000000000 70.1025144812800)
(0.42400000000000 70.0834407031152)
(0.42500000000000 70.0637875571838)
(0.42600000000000 70.0435542955019)
(0.42700000000000 70.0227399560675)
(0.42800000000000 70.0013433629727)
(0.42900000000000 69.9793631268913)
(0.43000000000000 69.9567976459411)
(0.43100000000000 69.9336451069167)
(0.43200000000000 69.9099034868924)
(0.43300000000000 69.8855705551899)
(0.43400000000000 69.8606438757072)
(0.43500000000000 69.8351208096050)
(0.43600000000000 69.8089985183446)
(0.43700000000000 69.7822739670726)
(0.43800000000000 69.7549439283449)
(0.43900000000000 69.7270049861860)
(0.44000000000000 69.6984535404731)
(0.44100000000000 69.6692858116407)
(0.44200000000000 69.6394978456958)
(0.44300000000000 69.6090855195350)
(0.44400000000000 69.5780445465569)
(0.44500000000000 69.5463704825568)
(0.44600000000000 69.5140587318983)
(0.44700000000000 69.4811045539473)
(0.44800000000000 69.4475030697613)
(0.44900000000000 69.4132492690210)
(0.45000000000000 69.3783380171948)
(0.45100000000000 69.3427640629223)
(0.45200000000000 69.3065220456073)
(0.45300000000000 69.2696065032069)
(0.45400000000000 69.2320118802038)
(0.45500000000000 69.1937325357513)
(0.45600000000000 69.1547627519751)
(0.45700000000000 69.1150967424216)
(0.45800000000000 69.0747286606372)
(0.45900000000000 69.0336526088669)
(0.46000000000000 68.9918626468572)
(0.46100000000000 68.9493528007503)
(0.46200000000000 68.9061170720557)
(0.46300000000000 68.8621494466853)
(0.46400000000000 68.8174439040370)
(0.46500000000000 68.7719944261149)
(0.46600000000000 68.7257950066693)
(0.46700000000000 68.6788396603450)
(0.46800000000000 68.6311224318224)
(0.46900000000000 68.5826374049371)
(0.47000000000000 68.5333787117651)
(0.47100000000000 68.4833405416599)
(0.47200000000000 68.4325171502255)
(0.47300000000000 68.3809028682154)
(0.47400000000000 68.3284921103398)
(0.47500000000000 68.2752793839717)
(0.47600000000000 68.2212592977360)
(0.47700000000000 68.1664265699694)
(0.47800000000000 68.1107760370396)
(0.47900000000000 68.0543026615093)
(0.48000000000000 67.9970015401344)
(0.48100000000000 67.9388679116836)
(0.48200000000000 67.8798971645682)
(0.48300000000000 67.8200848442706)
(0.48400000000000 67.7594266605609)
(0.48500000000000 67.6979184944897)
(0.48600000000000 67.6355564051488)
(0.48700000000000 67.5723366361879)
(0.48800000000000 67.5082556220796)
(0.48900000000000 67.4433099941219)
(0.49000000000000 67.3774965861708)
(0.49100000000000 67.3108124400938)
(0.49200000000000 67.2432548109376)
(0.49300000000000 67.1748211718010)
(0.49400000000000 67.1055092184081)
(0.49500000000000 67.0353168733733)
(0.49600000000000 66.9642422901536)
(0.49700000000000 66.8922838566825)
(0.49800000000000 66.8194401986796)
(0.49900000000000 66.7457101826329)
(0.50000000000000 66.6710929184484)
(0.50100000000000 66.5955877617646)
(0.50200000000000 66.5191943159284)
(0.50300000000000 66.4419124336304)
(0.50400000000000 66.3637422181970)
(0.50500000000000 66.2846840245390)
(0.50600000000000 66.2047384597546)
(0.50700000000000 66.1239063833884)
(0.50800000000000 66.0421889073437)
(0.50900000000000 65.9595873954519)
(0.51000000000000 65.8761034626987)
(0.51100000000000 65.7917389741084)
(0.51200000000000 65.7064960432901)
(0.51300000000000 65.6203770306478)
(0.51400000000000 65.5333845412571)
(0.51500000000000 65.4455214224138)
(0.51600000000000 65.3567907608574)
(0.51700000000000 65.2671958796753)
(0.51800000000000 65.1767403348922)
(0.51900000000000 65.0854279117506)
(0.52000000000000 64.9932626206896)
(0.52100000000000 64.9002486930272)
(0.52200000000000 64.8063905763539)
(0.52300000000000 64.7116929296460)
(0.52400000000000 64.6161606181046)
(0.52500000000000 64.5197987077304)
(0.52600000000000 64.4226124596426)
(0.52700000000000 64.3246073241504)
(0.52800000000000 64.2257889345873)
(0.52900000000000 64.1261631009175)
(0.53000000000000 64.0257358031259)
(0.53100000000000 63.9245131843992)
(0.53200000000000 63.8225015441131)
(0.53300000000000 63.7197073306324)
(0.53400000000000 63.6161371339388)
(0.53500000000000 63.5117976780954)
(0.53600000000000 63.4066958135619)
(0.53700000000000 63.3008385093701)
(0.53800000000000 63.1942328451745)
(0.53900000000000 63.0868860031880)
(0.54000000000000 62.9788052600175)
(0.54100000000000 62.8699979784098)
(0.54200000000000 62.7604715989225)
(0.54300000000000 62.6502336315314)
(0.54400000000000 62.5392916471885)
(0.54500000000000 62.4276532693424)
(0.54600000000000 62.3153261654356)
(0.54700000000000 62.2023180383904)
(0.54800000000000 62.0886366180970)
(0.54900000000000 61.9742896529172)
(0.55000000000000 61.8592849012164)
(0.55100000000000 61.7436301229363)
(0.55200000000000 61.6273330712224)
(0.55300000000000 61.5104014841177)
(0.55400000000000 61.3928430763360)
(0.55500000000000 61.2746655311275)
(0.55600000000000 61.1558764922482)
(0.55700000000000 61.0364835560458)
(0.55800000000000 60.9164942636742)
(0.55900000000000 60.7959160934478)
(0.56000000000000 60.6747564533479)
(0.56100000000000 60.5530226736913)
(0.56200000000000 60.4307219999733)
(0.56300000000000 60.3078615858954)
(0.56400000000000 60.1844484865874)
(0.56500000000000 60.0604896520351)
(0.56600000000000 59.9359919207227)
(0.56700000000000 59.8109620134997)
(0.56800000000000 59.6854065276812)
(0.56900000000000 59.5593319313895)
(0.57000000000000 59.4327445581477)
(0.57100000000000 59.3056506017298)
(0.57200000000000 59.1780561112782)
(0.57300000000000 59.0499669866931)
(0.57400000000000 58.9213889743021)
(0.57500000000000 58.7923276628152)
(0.57600000000000 58.6627884795721)
(0.57700000000000 58.5327766870855)
(0.57800000000000 58.4022973798872)
(0.57900000000000 58.2713554816797)
(0.58000000000000 58.1399557427980)
(0.58100000000000 58.0081027379858)
(0.58200000000000 57.8758008644867)
(0.58300000000000 57.7430543404558)
(0.58400000000000 57.6098672036914)
(0.58500000000000 57.4762433106893)
(0.58600000000000 57.3421863360207)
(0.58700000000000 57.2076997720332)
(0.58800000000000 57.0727869288769)
(0.58900000000000 56.9374509348521)
(0.59000000000000 56.8016947370807)
(0.59100000000000 56.6655211024975)
(0.59200000000000 56.5289326191601)
(0.59300000000000 56.3919316978758)
(0.59400000000000 56.2545205741408)
(0.59500000000000 56.1167013103896)
(0.59600000000000 55.9784757985498)
(0.59700000000000 55.8398457628988)
(0.59800000000000 55.7008127632164)
(0.59900000000000 55.5613781982290)
(0.60000000000000 55.4215433093388)
(0.60100000000000 55.2813091846321)
(0.60200000000000 55.1406767631608)
(0.60300000000000 54.9996468394885)
(0.60400000000000 54.8582200684951)
(0.60500000000000 54.7163969704312)
(0.60600000000000 54.5741779362152)
(0.60700000000000 54.4315632329625)
(0.60800000000000 54.2885530097402)
(0.60900000000000 54.1451473035365)
(0.61000000000000 54.0013460454350)
(0.61100000000000 53.8571490669857)
(0.61200000000000 53.7125561067601)
(0.61300000000000 53.5675668170819)
(0.61400000000000 53.4221807709218)
(0.61500000000000 53.2763974689445)
(0.61600000000000 53.1302163466984)
(0.61700000000000 52.9836367819355)
(0.61800000000000 52.8366581020491)
(0.61900000000000 52.6892795916197)
(0.62000000000000 52.5415005000549)
(0.62100000000000 52.3933200493120)
(0.62200000000000 52.2447374416918)
(0.62300000000000 52.0957518676897)
(0.62400000000000 51.9463625138935)
(0.62500000000000 51.7965685709130)
(0.62600000000000 51.6463692413321)
(0.62700000000000 51.4957637476673)
(0.62800000000000 51.3447513403229)
(0.62900000000000 51.1933313055284)
(0.63000000000000 51.0415029732469)
(0.63100000000000 50.8892657250411)
(0.63200000000000 50.7366190018849)
(0.63300000000000 50.5835623119081)
(0.63400000000000 50.4300952380622)
(0.63500000000000 50.2762174456952)
(0.63600000000000 50.1219286900231)
(0.63700000000000 49.9672288234863)
(0.63800000000000 49.8121178029805)
(0.63900000000000 49.6565956969483)
(0.64000000000000 49.5006626923231)
(0.64100000000000 49.3443191013117)
(0.64200000000000 49.1875653680074)
(0.64300000000000 49.0304020748211)
(0.64400000000000 48.8728299487209)
(0.64500000000000 48.7148498672711)
(0.64600000000000 48.5564628644599)
(0.64700000000000 48.3976701363075)
(0.64800000000000 48.2384730462446)
(0.64900000000000 48.0788731302541)
(0.65000000000000 47.9188721017671)
(0.65100000000000 47.7584718563048)
(0.65200000000000 47.5976744758607)
(0.65300000000000 47.4364822330136)
(0.65400000000000 47.2748975947676)
(0.65500000000000 47.1129232261105)
(0.65600000000000 46.9505619932862)
(0.65700000000000 46.7878169667757)
(0.65800000000000 46.6246914239813)
(0.65900000000000 46.4611888516105)
(0.66000000000000 46.2973129477542)
(0.66100000000000 46.1330676236580)
(0.66200000000000 45.9684570051811)
(0.66300000000000 45.8034854339419)
(0.66400000000000 45.6381574681487)
(0.66500000000000 45.4724778831117)
(0.66600000000000 45.3064516714378)
(0.66700000000000 45.1400840429060)
(0.66800000000000 44.9733804240245)
(0.66900000000000 44.8063464572682)
(0.67000000000000 44.6389879999999)
(0.67100000000000 44.4713111230744)
(0.67200000000000 44.3033221091285)
(0.67300000000000 44.1350274505591)
(0.67400000000000 43.9664338471928)
(0.67500000000000 43.7975482036483)
(0.67600000000000 43.6283776263984)
(0.67700000000000 43.4589294205330)
(0.67800000000000 43.2892110862303)
(0.67900000000000 43.1192303149387)
(0.68000000000000 42.9489949852780)
(0.68100000000000 42.7785131586631)
(0.68200000000000 42.6077930746586)
(0.68300000000000 42.4368431460708)
(0.68400000000000 42.2656719537833)
(0.68500000000000 42.0942882413453)
(0.68600000000000 41.9227009093200)
(0.68700000000000 41.7509190094014)
(0.68800000000000 41.5789517383087)
(0.68900000000000 41.4068084314667)
(0.69000000000000 41.2344985564830)
(0.69100000000000 41.0620317064301)
(0.69200000000000 40.8894175929437)
(0.69300000000000 40.7166660391473)
(0.69400000000000 40.5437869724128)
(0.69500000000000 40.3707904169701)
(0.69600000000000 40.1976864863742)
(0.69700000000000 40.0244853758428)
(0.69800000000000 39.8511973544761)
(0.69900000000000 39.6778327573692)
(0.70000000000000 39.5044019776300)
(0.70100000000000 39.3309154583146)
(0.70200000000000 39.1573836842920)
(0.70300000000000 38.9838171740500)
(0.70400000000000 38.8102264714567)
(0.70500000000000 38.6366221374864)
(0.70600000000000 38.4630147419265)
(0.70700000000000 38.2894148550746)
(0.70800000000000 38.1158330394405)
(0.70900000000000 37.9422798414646)
(0.71000000000000 37.7687657832652)
(0.71100000000000 37.5953013544282)
(0.71200000000000 37.4218970038504)
(0.71300000000000 37.2485631316487)
(0.71400000000000 37.0753100811495)
(0.71500000000000 36.9021481309675)
(0.71600000000000 36.7290874871879)
(0.71700000000000 36.5561382756636)
(0.71800000000000 36.3833105344380)
(0.71900000000000 36.2106142063059)
(0.72000000000000 36.0380591315241)
(0.72100000000000 35.8656550406816)
(0.72200000000000 35.6934115477401)
(0.72300000000000 35.5213381432577)
(0.72400000000000 35.3494441878029)
(0.72500000000000 35.1777389055709)
(0.72600000000000 35.0062313782117)
(0.72700000000000 34.8349305388782)
(0.72800000000000 34.6638451665053)
(0.72900000000000 34.4929838803262)
(0.73000000000000 34.3223551346365)
(0.73100000000000 34.1519672138128)
(0.73200000000000 33.9818282275938)
(0.73300000000000 33.8119461066303)
(0.73400000000000 33.6423285983122)
(0.73500000000000 33.4729832628772)
(0.73600000000000 33.3039174698093)
(0.73700000000000 33.1351383945293)
(0.73800000000000 32.9666530153860)
(0.73900000000000 32.7984681109495)
(0.74000000000000 32.6305902576131)
(0.74100000000000 32.4630258275053)
(0.74200000000000 32.2957809867169)
(0.74300000000000 32.1288616938446)
(0.74400000000000 31.9622736988536)
(0.74500000000000 31.7960225422617)
(0.74600000000000 31.6301135546440)
(0.74700000000000 31.4645518564616)
(0.74800000000000 31.2993423582126)
(0.74900000000000 31.1344897609053)
(0.75000000000000 30.9699985568536)
(0.75100000000000 30.8058730307929)
(0.75200000000000 30.6421172613142)
(0.75300000000000 30.4787351226151)
(0.75400000000000 30.3157302865642)
(0.75500000000000 30.1531062250755)
(0.75600000000000 29.9908662127905)
(0.75700000000000 29.8290133300612)
(0.75800000000000 29.6675504662324)
(0.75900000000000 29.5064803232159)
(0.76000000000000 29.3458054193511)
(0.76100000000000 29.1855280935482)
(0.76200000000000 29.0256505097043)
(0.76300000000000 28.8661746613882)
(0.76400000000000 28.7071023767851)
(0.76500000000000 28.5484353238938)
(0.76600000000000 28.3901750159686)
(0.76700000000000 28.2323228171971)
(0.76800000000000 28.0748799486049)
(0.76900000000000 27.9178474941781)
(0.77000000000000 27.7612264071947)
(0.77100000000000 27.6050175167537)
(0.77200000000000 27.4492215344923)
(0.77300000000000 27.2938390614813)
(0.77400000000000 27.1388705952868)
(0.77500000000000 26.9843165371880)
(0.77600000000000 26.8301771995390)
(0.77700000000000 26.6764528132639)
(0.77800000000000 26.5231435354729)
(0.77900000000000 26.3702494571873)
(0.78000000000000 26.2177706111616)
(0.78100000000000 26.0657069797902)
(0.78200000000000 25.9140585030868)
(0.78300000000000 25.7628250867224)
(0.78400000000000 25.6120066101113)
(0.78500000000000 25.4616029345305)
(0.78600000000000 25.3116139112609)
(0.78700000000000 25.1620393897367)
(0.78800000000000 25.0128792256903)
(0.78900000000000 24.8641332892798)
(0.79000000000000 24.7158014731864)
(0.79100000000000 24.5678837006684)
(0.79200000000000 24.4203799335590)
(0.79300000000000 24.2732901801959)
(0.79400000000000 24.1266145032687)
(0.79500000000000 23.9803530275728)
(0.79600000000000 23.8345059476568)
(0.79700000000000 23.6890735353508)
(0.79800000000000 23.5440561471647)
(0.79900000000000 23.3994542315424)
(0.80000000000000 23.2552683359631)
(0.80100000000000 23.1114991138750)
(0.80200000000000 22.9681473314534)
(0.80300000000000 22.8252138741688)
(0.80400000000000 22.6826997531576)
(0.80500000000000 22.5406061113823)
(0.80600000000000 22.3989342295727)
(0.80700000000000 22.2576855319372)
(0.80800000000000 22.1168615916362)
(0.80900000000000 21.9764641360066)
(0.81000000000000 21.8364950515300)
(0.81100000000000 21.6969563885361)
(0.81200000000000 21.5578503656326)
(0.81300000000000 21.4191793738551)
(0.81400000000000 21.2809459805286)
(0.81500000000000 21.1431529328352)
(0.81600000000000 21.0058031610810)
(0.81700000000000 20.8688997816561)
(0.81800000000000 20.7324460996836)
(0.81900000000000 20.5964456113508)
(0.82000000000000 20.4609020059203)
(0.82100000000000 20.3258191674155)
(0.82200000000000 20.1912011759780)
(0.82300000000000 20.0570523088933)
(0.82400000000000 19.9233770412832)
(0.82500000000000 19.7901800464623)
(0.82600000000000 19.6574661959574)
(0.82700000000000 19.5252405591890)
(0.82800000000000 19.3935084028148)
(0.82900000000000 19.2622751897346)
(0.83000000000000 19.1315465777587)
(0.83100000000000 19.0013284179386)
(0.83200000000000 18.8716267525650)
(0.83300000000000 18.7424478128319)
(0.83400000000000 18.6137980161725)
(0.83500000000000 18.4856839632680)
(0.83600000000000 18.3581124347348)
(0.83700000000000 18.2310903874921)
(0.83800000000000 18.1046249508182)
(0.83900000000000 17.9787234220964)
(0.84000000000000 17.8533932622607)
(0.84100000000000 17.7286420909433)
(0.84200000000000 17.6044776813342)
(0.84300000000000 17.4809079547576)
(0.84400000000000 17.3579409749739)
(0.84500000000000 17.2355849422151)
(0.84600000000000 17.1138481869615)
(0.84700000000000 16.9927391634693)
(0.84800000000000 16.8722664430586)
(0.84900000000000 16.7524387071697)
(0.85000000000000 16.6332647402003)
(0.85100000000000 16.5147534221317)
(0.85200000000000 16.3969137209564)
(0.85300000000000 16.2797546849168)
(0.85400000000000 16.1632854345674)
(0.85500000000000 16.0475151546719)
(0.85600000000000 15.9324530859465)
(0.85700000000000 15.8181085166626)
(0.85800000000000 15.7044907741211)
(0.85900000000000 15.5916092160095)
(0.86000000000000 15.4794732216576)
(0.86100000000000 15.3680921832016)
(0.86200000000000 15.2574754966728)
(0.86300000000000 15.1476325530217)
(0.86400000000000 15.0385727290926)
(0.86500000000000 14.9303053785622)
(0.86600000000000 14.8228398228548)
(0.86700000000000 14.7161853420496)
(0.86800000000000 14.6103511657915)
(0.86900000000000 14.5053464642224)
(0.87000000000000 14.4011803389432)
(0.87100000000000 14.2978618140236)
(0.87200000000000 14.1953998270714)
(0.87300000000000 14.0938032203753)
(0.87400000000000 13.9930807321362)
(0.87500000000000 13.8932409877981)
(0.87600000000000 13.7942924914946)
(0.87700000000000 13.6962436176224)
(0.87800000000000 13.5991026025558)
(0.87900000000000 13.5028775365142)
(0.88000000000000 13.4075763555973)
(0.88100000000000 13.3132068339975)
(0.88200000000000 13.2197765764047)
(0.88300000000000 13.1272930106134)
(0.88400000000000 13.0357633803449)
(0.88500000000000 12.9451947382955)
(0.88600000000000 12.8555939394218)
(0.88700000000000 12.7669676344745)
(0.88800000000000 12.6793222637898)
(0.88900000000000 12.5926640513500)
(0.89000000000000 12.5069989991215)
(0.89100000000000 12.4223328816807)
(0.89200000000000 12.3386712411350)
(0.89300000000000 12.2560193823500)
(0.89400000000000 12.1743823684873)
(0.89500000000000 12.0937650168633)
(0.89600000000000 12.0141718951354)
(0.89700000000000 11.9356073178207)
(0.89800000000000 11.8580753431550)
(0.89900000000000 11.7815797702967)
(0.90000000000000 11.7061241368815)
(0.90100000000000 11.6317117169311)
(0.90200000000000 11.5583455191210)
(0.90300000000000 11.4860282854108)
(0.90400000000000 11.4147624900392)
(0.90500000000000 11.3445503388869)
(0.90600000000000 11.2753937692088)
(0.90700000000000 11.2072944497364)
(0.90800000000000 11.1402537811526)
(0.90900000000000 11.0742728969365)
(0.91000000000000 11.0093526645806)
(0.91100000000000 10.9454936871774)
(0.91200000000000 10.8826963053749)
(0.91300000000000 10.8209605996977)
(0.91400000000000 10.7602863932331)
(0.91500000000000 10.7006732546770)
(0.91600000000000 10.6421205017361)
(0.91700000000000 10.5846272048835)
(0.91800000000000 10.5281921914610)
(0.91900000000000 10.4728140501238)
(0.92000000000000 10.4184911356209)
(0.92100000000000 10.3652215739058)
(0.92200000000000 10.3130032675691)
(0.92300000000000 10.2618339015864)
(0.92400000000000 10.2117109493732)
(0.92500000000000 10.1626316791385)
(0.92600000000000 10.1145931605278)
(0.92700000000000 10.0675922715459)
(0.92800000000000 10.0216257057506)
(0.92900000000000 9.9766899797053)
(0.93000000000000 9.9327814406815)
(0.93100000000000 9.8898962745988)
(0.93200000000000 9.8480305141913)
(0.93300000000000 9.8071800473881)
(0.93400000000000 9.7673406258964)
(0.93500000000000 9.7285078739739)
(0.93600000000000 9.6906772973769)
(0.93700000000000 9.6538442924730)
(0.93800000000000 9.6180041555017)
(0.93900000000000 9.5831520919725)
(0.94000000000000 9.5492832261830)
(0.94100000000000 9.5163926108461)
(0.94200000000000 9.4844752368085)
(0.94300000000000 9.4535260428481)
(0.94400000000000 9.4235399255351)
(0.94500000000000 9.3945117491407)
(0.94600000000000 9.3664363555791)
(0.94700000000000 9.3393085743679)
(0.94800000000000 9.3131232325906)
(0.94900000000000 9.2878751648468)
(0.95000000000000 9.2635592231743)
(0.95100000000000 9.2401702869276)
(0.95200000000000 9.2177032725976)
(0.95300000000000 9.1961531435577)
(0.95400000000000 9.1755149197196)
(0.95500000000000 9.1557836870851)
(0.95600000000000 9.1369546071787)
(0.95700000000000 9.1190229263447)
(0.95800000000000 9.1019839848956)
(0.95900000000000 9.0858332260966)
(0.96000000000000 9.0705662049714)
(0.96100000000000 9.0561785969159)
(0.96200000000000 9.0426662061055)
(0.96300000000000 9.0300249736816)
(0.96400000000000 9.0182509857060)
(0.96500000000000 9.0073404808673)
(0.96600000000000 8.9972898579292)
(0.96700000000000 8.9880956829066)
(0.96800000000000 8.9797546959577)
(0.96900000000000 8.9722638179823)
(0.97000000000000 8.9656201569113)
(0.97100000000000 8.9598210136812)
(0.97200000000000 8.9548638878792)
(0.97300000000000 8.9507464830518)
(0.97400000000000 8.9474667116660)
(0.97500000000000 8.9450226997144)
(0.97600000000000 8.9434127909568)
(0.97700000000000 8.9426355507885)
(0.97800000000000 8.9426897697298)
(0.97900000000000 8.9435744665287)
(0.98000000000000 8.9452888908714)
(0.98100000000000 8.9478325256938)
(0.98200000000000 8.9512050890904)
(0.98300000000000 8.9554065358141)
(0.98400000000000 8.9604370583656)
(0.98500000000000 8.9662970876662)
(0.98600000000000 8.9729872933139)
(0.98700000000000 8.9805085834186)
(0.98800000000000 8.9888621040168)
(0.98900000000000 8.9980492380638)
(0.99000000000000 9.0080716040031)
(0.99100000000000 9.0189310539146)
(0.99200000000000 9.0306296712419)
(0.99300000000000 9.0431697681001)
(0.99400000000000 9.0565538821674)
(0.99500000000000 9.0707847731631)
(0.99600000000000 9.0858654189151)
(0.99700000000000 9.1017990110225)
(0.99800000000000 9.1185889501166)
(0.99900000000000 9.1362388407274)
(1.00000000000000 9.1547524857605)
(1.00100000000000 9.1741338805919)
(1.00200000000000 9.1943872067882)
(1.00300000000000 9.2155168254592)
(1.00400000000000 9.2375272702528)
(1.00500000000000 9.2604232400000)
(1.00600000000000 9.2842095910209)
(1.00700000000000 9.3088913291012)
(1.00800000000000 9.3344736011500)
(1.00900000000000 9.3609616865509)
(1.01000000000000 9.3883609882169)
(1.01100000000000 9.4166770233629)
(1.01200000000000 9.4459154140081)
(1.01300000000000 9.4760818772207)
(1.01400000000000 9.5071822151199)
(1.01500000000000 9.5392223046481)
(1.01600000000000 9.5722080871295)
(1.01700000000000 9.6061455576279)
(1.01800000000000 9.6410407541206)
(1.01900000000000 9.6768997465037)
(1.02000000000000 9.7137286254440)
(1.02100000000000 9.7515334910948)
(1.02200000000000 9.7903204416915)
(1.02300000000000 9.8300955620439)
(1.02400000000000 9.8708649119422)
(1.02500000000000 9.9126345144943)
(1.02600000000000 9.9554103444113)
(1.02700000000000 9.9991983162588)
(1.02800000000000 10.0440042726923)
(1.02900000000000 10.0898339726938)
(1.03000000000000 10.1366930798278)
(1.03100000000000 10.1845871505348)
(1.03200000000000 10.2335216224799)
(1.03300000000000 10.2835018029750)
(1.03400000000000 10.3345328574917)
(1.03500000000000 10.3866197982841)
(1.03600000000000 10.4397674731379)
(1.03700000000000 10.4939805542648)
(1.03800000000000 10.5492635273585)
(1.03900000000000 10.6056206808312)
(1.04000000000000 10.6630560952468)
(1.04100000000000 10.7215736329683)
(1.04200000000000 10.7811769280356)
(1.04300000000000 10.8418693762915)
(1.04400000000000 10.9036541257709)
(1.04500000000000 10.9665340673703)
(1.04600000000000 11.0305118258118)
(1.04700000000000 11.0955897509183)
(1.04800000000000 11.1617699092143)
(1.04900000000000 11.2290540758665)
(1.05000000000000 11.2974437269780)
(1.05100000000000 11.3669400322511)
(1.05200000000000 11.4375438480304)
(1.05300000000000 11.5092557107390)
(1.05400000000000 11.5820758307209)
(1.05500000000000 11.6560040865001)
(1.05600000000000 11.7310400194680)
(1.05700000000000 11.8071828290097)
(1.05800000000000 11.8844313680782)
(1.05900000000000 11.9627841392269)
(1.06000000000000 12.0422392911082)
(1.06100000000000 12.1227946154466)
(1.06200000000000 12.2044475444936)
(1.06300000000000 12.2871951489707)
(1.06400000000000 12.3710341365070)
(1.06500000000000 12.4559608505764)
(1.06600000000000 12.5419712699392)
(1.06700000000000 12.6290610085917)
(1.06800000000000 12.7172253162268)
(1.06900000000000 12.8064590792092)
(1.07000000000000 12.8967568220646)
(1.07100000000000 12.9881127094867)
(1.07200000000000 13.0805205488596)
(1.07300000000000 13.1739737932967)
(1.07400000000000 13.2684655451940)
(1.07500000000000 13.3639885602960)
(1.07600000000000 13.4605352522711)
(1.07700000000000 13.5580976977937)
(1.07800000000000 13.6566676421270)
(1.07900000000000 13.7562365052033)
(1.08000000000000 13.8567953881944)
(1.08100000000000 13.9583350805670)
(1.08200000000000 14.0608460676137)
(1.08300000000000 14.1643185384533)
(1.08400000000000 14.2687423944914)
(1.08500000000000 14.3741072583303)
(1.08600000000000 14.4804024831199)
(1.08700000000000 14.5876171623371)
(1.08800000000000 14.6957401399829)
(1.08900000000000 14.8047600211853)
(1.09000000000000 14.9146651831933)
(1.09100000000000 15.0254437867504)
(1.09200000000000 15.1370837878325)
(1.09300000000000 15.2495729497350)
(1.09400000000000 15.3628988554945)
(1.09500000000000 15.4770489206282)
(1.09600000000000 15.5920104061754)
(1.09700000000000 15.7077704320232)
(1.09800000000000 15.8243159904991)
(1.09900000000000 15.9416339602131)
(1.10000000000000 16.0597111201287)
(1.10100000000000 16.1785341638468)
(1.10200000000000 16.2980897140805)
(1.10300000000000 16.4183643373020)
(1.10400000000000 16.5393445585418)
(1.10500000000000 16.6610168763191)
(1.10600000000000 16.7833677776824)
(1.10700000000000 16.9063837533402)
(1.10800000000000 17.0300513128592)
(1.10900000000000 17.1543569999093)
(1.11000000000000 17.2792874075329)
(1.11100000000000 17.4048291934172)
(1.11200000000000 17.5309690951472)
(1.11300000000000 17.6576939454163)
(1.11400000000000 17.7849906871739)
(1.11500000000000 17.9128463886859)
(1.11600000000000 18.0412482584874)
(1.11700000000000 18.1701836602029)
(1.11800000000000 18.2996401272148)
(1.11900000000000 18.4296053771553)
(1.12000000000000 18.5600673262008)
(1.12100000000000 18.6910141031463)
(1.12200000000000 18.8224340632392)
(1.12300000000000 18.9543158017484)
(1.12400000000000 19.0866481672503)
(1.12500000000000 19.2194202746081)
(1.12600000000000 19.3526215176250)
(1.12700000000000 19.4862415813502)
(1.12800000000000 19.6202704540177)
(1.12900000000000 19.7546984385982)
(1.13000000000000 19.8895161639445)
(1.13100000000000 20.0247145955114)
(1.13200000000000 20.1602850456324)
(1.13300000000000 20.2962191833342)
(1.13400000000000 20.4325090436723)
(1.13500000000000 20.5691470365704)
(1.13600000000000 20.7061259551481)
(1.13700000000000 20.8434389835195)
(1.13800000000000 20.9810797040494)
(1.13900000000000 21.1190421040526)
(1.14000000000000 21.2573205819208)
(1.14100000000000 21.3959099526654)
(1.14200000000000 21.5348054528650)
(1.14300000000000 21.6740027450034)
(1.14400000000000 21.8134979211886)
(1.14500000000000 21.9532875062441)
(1.14600000000000 22.0933684601604)
(1.14700000000000 22.2337381799007)
(1.14800000000000 22.3743945005525)
(1.14900000000000 22.5153356958172)
(1.15000000000000 22.6565604778339)
(1.15100000000000 22.7980679963305)
(1.15200000000000 22.9398578370995)
(1.15300000000000 23.0819300197932)
(1.15400000000000 23.2242849950390)
(1.15500000000000 23.3669236408700)
(1.15600000000000 23.5098472584732)
(1.15700000000000 23.6530575672539)
(1.15800000000000 23.7965566992186)
(1.15900000000000 23.9403471926780)
(1.16000000000000 24.0844319852742)
(1.16100000000000 24.2288144063351)
(1.16200000000000 24.3734981685623)
(1.16300000000000 24.5184873590573)
(1.16400000000000 24.6637864296941)
(1.16500000000000 24.8094001868450)
(1.16600000000000 24.9553337804693)
(1.16700000000000 25.1015926925736)
(1.16800000000000 25.2481827250558)
(1.16900000000000 25.3951099869423)
(1.17000000000000 25.5423808810325)
(1.17100000000000 25.6900020899631)
(1.17200000000000 25.8379805617064)
(1.17300000000000 25.9863234945176)
(1.17400000000000 26.1350383213466)
(1.17500000000000 26.2841326937314)
(1.17600000000000 26.4336144651905)
(1.17700000000000 26.5834916741319)
(1.17800000000000 26.7337725262981)
(1.17900000000000 26.8844653767668)
(1.18000000000000 27.0355787115276)
(1.18100000000000 27.1871211286555)
(1.18200000000000 27.3391013191036)
(1.18300000000000 27.4915280471369)
(1.18400000000000 27.6444101304302)
(1.18500000000000 27.7977564198541)
(1.18600000000000 27.9515757789730)
(1.18700000000000 28.1058770632797)
(1.18800000000000 28.2606690991923)
(1.18900000000000 28.4159606628385)
(1.19000000000000 28.5717604586537)
(1.19100000000000 28.7280770978199)
(1.19200000000000 28.8849190765710)
(1.19300000000000 29.0422947543939)
(1.19400000000000 29.2002123321507)
(1.19500000000000 29.3586798301514)
(1.19600000000000 29.5177050662050)
(1.19700000000000 29.6772956336761)
(1.19800000000000 29.8374588795782)
(1.19900000000000 29.9982018827289)
(1.20000000000000 30.1595314319983)
(1.20100000000000 30.3214540046791)
(1.20200000000000 30.4839757450052)
(1.20300000000000 30.6471024428511)
(1.20400000000000 30.8108395126373)
(1.20500000000000 30.9751919724730)
(1.20600000000000 31.1401644235638)
(1.20700000000000 31.3057610299123)
(1.20800000000000 31.4719854983404)
(1.20900000000000 31.6388410588619)
(1.21000000000000 31.8063304454317)
(1.21100000000000 31.9744558771007)
(1.21200000000000 32.1432190396017)
(1.21300000000000 32.3126210673947)
(1.21400000000000 32.4826625261972)
(1.21500000000000 32.6533433960250)
(1.21600000000000 32.8246630547695)
(1.21700000000000 32.9966202623365)
(1.21800000000000 33.1692131453699)
(1.21900000000000 33.3424391825850)
(1.22000000000000 33.5162951907339)
(1.22100000000000 33.6907773112267)
(1.22200000000000 33.8658809974276)
(1.22300000000000 34.0416010026510)
(1.22400000000000 34.2179313688733)
(1.22500000000000 34.3948654161849)
(1.22600000000000 34.5723957329964)
(1.22700000000000 34.7505141670212)
(1.22800000000000 34.9292118170487)
(1.22900000000000 35.1084790255252)
(1.23000000000000 35.2883053719588)
(1.23100000000000 35.4686796671614)
(1.23200000000000 35.6495899483421)
(1.23300000000000 35.8310234750641)
(1.23400000000000 36.0129667260768)
(1.23500000000000 36.1954053970336)
(1.23600000000000 36.3783243991057)
(1.23700000000000 36.5617078584985)
(1.23800000000000 36.7455391168796)
(1.23900000000000 36.9298007327252)
(1.24000000000000 37.1144744835879)
(1.24100000000000 37.2995413692931)
(1.24200000000000 37.4849816160638)
(1.24300000000000 37.6707746815796)
(1.24400000000000 37.8568992609667)
(1.24500000000000 38.0433332937228)
(1.24600000000000 38.2300539715714)
(1.24700000000000 38.4170377472472)
(1.24800000000000 38.6042603442050)
(1.24900000000000 38.7916967672507)
(1.25000000000000 38.9793213140865)
(1.25100000000000 39.1671075877642)
(1.25200000000000 39.3550285100382)
(1.25300000000000 39.5430563356090)
(1.25400000000000 39.7311626672473)
(1.25500000000000 39.9193184717868)
(1.25600000000000 40.1074940969734)
(1.25700000000000 40.2956592891575)
(1.25800000000000 40.4837832118139)
(1.25900000000000 40.6718344648754)
(1.26000000000000 40.8597811048610)
(1.26100000000000 41.0475906657834)
(1.26200000000000 41.2352301808149)
(1.26300000000000 41.4226662046943)
(1.26400000000000 41.6098648368514)
(1.26500000000000 41.7967917452304)
(1.26600000000000 41.9834121907876)
(1.26700000000000 42.1696910526409)
(1.26800000000000 42.3555928538464)
(1.26900000000000 42.5410817877783)
(1.27000000000000 42.7261217450836)
(1.27100000000000 42.9106763411885)
(1.27200000000000 43.0947089443249)
(1.27300000000000 43.2781827040530)
(1.27400000000000 43.4610605802482)
(1.27500000000000 43.6433053725239)
(1.27600000000000 43.8248797500602)
(1.27700000000000 44.0057462818078)
(1.27800000000000 44.1858674670354)
(1.27900000000000 44.3652057661886)
(1.28000000000000 44.5437236320297)
(1.28100000000000 44.7213835410237)
(1.28200000000000 44.8981480249381)
(1.28300000000000 45.0739797026240)
(1.28400000000000 45.2488413119430)
(1.28500000000000 45.4226957418073)
(1.28600000000000 45.5955060642976)
(1.28700000000000 45.7672355668255)
(1.28800000000000 45.9378477843036)
(1.28900000000000 46.1073065312914)
(1.29000000000000 46.2755759340793)
(1.29100000000000 46.4426204626770)
(1.29200000000000 46.6084049626722)
(1.29300000000000 46.7728946869229)
(1.29400000000000 46.9360553270489)
(1.29500000000000 47.0978530446898)
(1.29600000000000 47.2582545024917)
(1.29700000000000 47.4172268947903)
(1.29800000000000 47.5747379779567)
(1.29900000000000 47.7307561003704)
(1.30000000000000 47.8852502319869)
(1.30100000000000 48.0381899934674)
(1.30200000000000 48.1895456848366)
(1.30300000000000 48.3392883136375)
(1.30400000000000 48.4873896225508)
(1.30500000000000 48.6338221164476)
(1.30600000000000 48.7785590888448)
(1.30700000000000 48.9215746477341)
(1.30800000000000 49.0628437407532)
(1.30900000000000 49.2023421796723)
(1.31000000000000 49.3400466641665)
(1.31100000000000 49.4759348048479)
(1.31200000000000 49.6099851455298)
(1.31300000000000 49.7421771846981)
(1.31400000000000 49.8724913961646)
(1.31500000000000 50.0009092488781)
(1.31600000000000 50.1274132258707)
(1.31700000000000 50.2519868423163)
(1.31800000000000 50.3746146626806)
(1.31900000000000 50.4952823169428)
(1.32000000000000 50.6139765158682)
(1.32100000000000 50.7306850653154)
(1.32200000000000 50.8453968795595)
(1.32300000000000 50.9581019936161)
(1.32400000000000 51.0687915745501)
(1.32500000000000 51.1774579317570)
(1.32600000000000 51.2840945262020)
(1.32700000000000 51.3886959786071)
(1.32800000000000 51.4912580765748)
(1.32900000000000 51.5917777806388)
(1.33000000000000 51.6902532292349)
(1.33100000000000 51.7866837425839)
(1.33200000000000 51.8810698254818)
(1.33300000000000 51.9734131689921)
(1.33400000000000 52.0637166510372)
(1.33500000000000 52.1519843358878)
(1.33600000000000 52.2382214725477)
(1.33700000000000 52.3224344920360)
(1.33800000000000 52.4046310035678)
(1.33900000000000 52.4848197896361)
(1.34000000000000 52.5630108000000)
)
