0.000000000000000000e+00 0.000000000000000000e+00
7.626852402666667308e-03 1.361842570180864427e-04
1.792076362106666959e-02 7.518626914279701685e-04
4.412344672233333570e-02 4.558108261642334486e-03
5.076769850873333323e-02 6.034146392234648187e-03
6.238511259799999625e-02 9.117461664161431029e-03
7.996497396466667462e-02 1.498465282321559920e-02
8.791935990599999973e-02 1.811111581128520970e-02
1.055125899880000051e-01 2.607805694201860425e-02
1.098173164973333393e-01 2.824817676541124464e-02
1.274105465800000059e-01 3.801895362421876812e-02
1.353649325213333587e-01 4.291254786640393004e-02
1.493085031720000067e-01 5.220523732003486822e-02
1.682118674093333321e-01 6.625778757012204534e-02
1.785057786273333280e-01 7.461342346536874170e-02
1.937594834326666626e-01 8.790785089116244511e-02
1.967540757873333379e-01 9.064565455110355774e-02
2.186520323793333664e-01 1.119346462409285953e-01
2.229300214566666549e-01 1.163423114829743171e-01
2.369270669706666776e-01 1.313098548529915421e-01
2.448012406166666932e-01 1.401004527171686442e-01
2.593998783446666567e-01 1.571085331096367388e-01
2.698141080060000307e-01 1.698156881700536303e-01
2.739584099246666349e-01 1.749851314114601875e-01
2.954018301773333466e-01 2.028450645334110292e-01
3.104015293813333076e-01 2.234374924017139552e-01
3.210029210646666575e-01 2.385022341929196876e-01
3.322326423933333328e-01 2.548664141393093829e-01
3.466040119513333351e-01 2.764775513833981346e-01
3.504408334060000185e-01 2.823704326846627755e-01
3.649859962700000016e-01 3.050243845795015951e-01
3.685688121226666780e-01 3.107225058217308877e-01
3.868171092826666602e-01 3.403287006121880065e-01
3.868839528620000023e-01 3.404387910284692453e-01
4.013622721466666432e-01 3.645487599845728677e-01
4.051990936013333267e-01 3.710267713074167917e-01
4.231666477273333671e-01 4.017638693836834696e-01
4.271772624880000313e-01 4.087285199093791954e-01
4.382198217953333641e-01 4.280361737403122202e-01
4.413481013080000070e-01 4.335253726761998938e-01
4.486073140246666924e-01 4.463479187179686947e-01
4.492356436700000732e-01 4.474555906812811568e-01
4.594760800253333555e-01 4.655059599739556075e-01
4.602380968293333097e-01 4.668544614522077141e-01
4.712539187046667077e-01 4.863752208710475089e-01
4.740078741733333434e-01 4.912817486660225885e-01
4.859194000120000689e-01 5.126045511571583058e-01
4.885262996059999696e-01 5.172825122590600788e-01
4.969619593186666573e-01 5.323605579671241150e-01
4.993683281753333314e-01 5.366341457866624642e-01
5.043281217620000367e-01 5.454093427246190506e-01
5.116809154893333655e-01 5.583570455039328362e-01
5.139001223240000638e-01 5.622886726583118389e-01
5.153573123533333744e-01 5.648676556560157103e-01
5.227502122286666886e-01 5.777152658395973139e-01
5.283918103246666442e-01 5.875629698276176871e-01
5.374557996833333462e-01 6.032971948316298016e-01
5.428834983253333357e-01 6.126655551588374715e-01
5.521480184220000087e-01 6.285898952152046970e-01
5.537388956106666926e-01 6.313037252130465626e-01
5.631772090133333464e-01 6.473122033727521929e-01
5.645942928953333606e-01 6.496956528719641799e-01
5.742197683199999902e-01 6.657378974605306921e-01
5.790859808960000521e-01 6.737768032865047996e-01
5.852623276273333230e-01 6.838780423747434778e-01
5.899814843286667054e-01 6.915825461512999928e-01
5.935375627493333361e-01 6.973885179924168565e-01
5.962781495026666656e-01 7.017639771046967345e-01
6.072939713773333192e-01 7.191560041526561253e-01
6.080559881820000179e-01 7.203586569686567520e-01
6.152884634666666575e-01 7.317293725664981707e-01
6.183365306846666520e-01 7.364346252154222450e-01
6.261304920353333303e-01 7.482660078894857181e-01
6.293924587073334020e-01 7.531330284101147576e-01
6.367719898666667211e-01 7.638819955198353773e-01
6.406221800366667107e-01 7.694562046424416879e-01
6.514374711739999713e-01 7.850154637027451088e-01
6.551406054693333925e-01 7.902898058835413631e-01
6.661564273446667350e-01 8.056357872201185266e-01
6.696055560400000495e-01 8.103136382747715416e-01
6.771856179333334280e-01 8.204364654903227860e-01
6.840838753266667016e-01 8.294161400385784422e-01
6.882148085266667215e-01 8.347033279140050333e-01
6.949125351733334011e-01 8.430147694482345022e-01
6.992573678333333653e-01 8.482831948470115346e-01
7.057679324600000248e-01 8.559865024035216985e-01
7.139362178533333880e-01 8.654795312153406028e-01
7.165832236000000410e-01 8.684300666939674951e-01
7.286418053133333350e-01 8.814631703320260359e-01
7.310749116000000436e-01 8.840070919132786420e-01
7.382940181666667323e-01 8.909255463023740829e-01
7.396843646200000899e-01 8.922924977036460481e-01
7.455264934533333276e-01 8.978916595904472553e-01
7.507135552066667161e-01 9.027191299048816786e-01
7.564086281666666522e-01 9.078866298565163584e-01
7.617026396533332910e-01 9.126329280072447148e-01
7.709136848866666725e-01 9.205738026521151918e-01
7.727184615266666778e-01 9.220873198985377606e-01
7.837743895533333394e-01 9.317173247742706055e-01
7.854187416000000255e-01 9.329666227132559220e-01
7.948169488599999832e-01 9.397499936159100509e-01
7.999371670333333961e-01 9.432852097496711163e-01
8.131588270266666418e-01 9.519358178285594052e-01
8.144555924666667668e-01 9.527418560088740662e-01
8.217148051866667302e-01 9.567081829841229679e-01
8.315007051999999677e-01 9.622521161113424260e-01
8.325835711866667044e-01 9.628268509314643619e-01
8.461929239400000080e-01 9.694876635506903817e-01
8.471019966199999640e-01 9.698999083810554422e-01
8.608584052466666803e-01 9.757336493133205169e-01
8.689197409133333494e-01 9.788622435829826829e-01
8.828633115666667530e-01 9.835801057632171940e-01
8.834782724933334386e-01 9.837770048136122991e-01
9.016597260733333341e-01 9.882357456898321901e-01
9.084911398866667431e-01 9.899429947044859901e-01
9.162182576533334233e-01 9.917206449228851417e-01
9.231432524733333977e-01 9.931282262612549649e-01
9.307634205199999400e-01 9.944647477588983708e-01
9.450946839333334015e-01 9.965906794611016917e-01
9.489716115333334256e-01 9.970836547434280828e-01
9.635301431133332928e-01 9.978515502720469721e-01
9.670461153866666271e-01 9.981208920661728268e-01
9.816848592600001533e-01 9.995888404633962443e-01
9.817650715533332573e-01 9.995926055360545570e-01
9.963236031333333464e-01 9.999412003553285189e-01
1.000000000000000000e+00 1.000000000000000000e+00
