(
(0.0040000000000000036 44.4058)
(0.008000000000000007 44.4058)
(0.011999999999999789 44.4058)
(0.015999999999999792 44.4058)
(0.020000000000000018 44.4058)
(0.02400000000000002 44.4058)
(0.028000000000000025 44.4058)
(0.031999999999999806 44.4058)
(0.03599999999999981 44.4058)
(0.040000000000000036 44.4058)
(0.04400000000000004 44.4058)
(0.04799999999999982 44.4058)
(0.051999999999999824 44.4058)
(0.05599999999999983 44.4058)
(0.06000000000000005 44.4058)
(0.06400000000000006 44.4058)
(0.06799999999999984 44.4058)
(0.07199999999999984 44.4058)
(0.07599999999999985 44.4058)
(0.08000000000000007 44.4058)
(0.08400000000000007 44.4058)
(0.08799999999999986 44.4058)
(0.09199999999999986 44.4058)
(0.09599999999999986 44.4058)
(0.10000000000000009 44.4058)
(0.10400000000000009 44.4058)
(0.10799999999999987 44.4058)
(0.11199999999999988 44.4058)
(0.11599999999999988 44.4058)
(0.1200000000000001 44.4058)
(0.12400000000000011 44.4058)
(0.1279999999999999 44.4058)
(0.1319999999999999 44.4058)
(0.1359999999999999 44.4058)
(0.14000000000000012 44.4058)
(0.14400000000000013 44.4058)
(0.1479999999999999 44.4058)
(0.1519999999999999 44.4058)
(0.15600000000000014 44.4058)
(0.16000000000000014 44.4058)
(0.16400000000000015 44.4058)
(0.16799999999999993 44.4058)
(0.17199999999999993 44.4058)
(0.17600000000000016 44.4058)
(0.18000000000000016 44.4058)
(0.18400000000000016 44.4058)
(0.18799999999999994 44.4058)
(0.19199999999999995 44.4058)
(0.19600000000000017 44.4058)
(0.20000000000000018 44.4058)
(0.20400000000000018 44.4058)
(0.20799999999999996 44.4058)
(0.21199999999999997 44.4058)
(0.2160000000000002 44.4058)
(0.2200000000000002 44.4058)
(0.2240000000000002 44.4058)
(0.22799999999999998 44.4058)
(0.23199999999999998 44.4058)
(0.2360000000000002 44.4058)
(0.2400000000000002 44.4058)
(0.24400000000000022 44.4058)
(0.248 44.4058)
(0.252 44.4058)
(0.2560000000000002 44.4058)
(0.26000000000000023 44.4058)
(0.26400000000000023 44.4058)
(0.268 44.4058)
(0.272 44.4058)
(0.27600000000000025 44.4058)
(0.28000000000000025 44.4058)
(0.28400000000000025 44.4058)
(0.28800000000000003 44.4058)
(0.29200000000000004 44.4058)
(0.29600000000000026 44.4058)
(0.30000000000000027 44.4058)
(0.30400000000000027 44.4058)
(0.30800000000000005 44.4058)
(0.31200000000000006 44.4058)
(0.3160000000000003 44.4058)
(0.3200000000000003 44.4058)
(0.3240000000000003 44.4058)
(0.32800000000000007 44.4058)
(0.3320000000000001 44.4058)
(0.3360000000000003 44.4058)
(0.3400000000000003 44.4058)
(0.3440000000000003 44.4058)
(0.3480000000000001 44.4058)
(0.3520000000000001 44.4058)
(0.3560000000000003 44.4058)
(0.3600000000000003 44.4058)
(0.3640000000000003 44.4058)
(0.3680000000000001 44.4058)
(0.3720000000000001 44.4058)
(0.37600000000000033 44.4058)
(0.38000000000000034 44.4058)
(0.38400000000000034 44.4058)
(0.3880000000000001 44.4058)
(0.3920000000000001 44.4058)
(0.39600000000000035 44.4058)
(0.40000000000000036 44.4058)
(0.40400000000000036 44.4058)
(0.40800000000000014 44.4058)
(0.41200000000000014 44.4058)
(0.41600000000000037 44.4058)
(0.4200000000000004 44.4058)
(0.4240000000000004 44.4058)
(0.42800000000000016 44.4058)
(0.43200000000000016 44.4058)
(0.4360000000000004 44.4058)
(0.4400000000000004 44.4058)
(0.4440000000000004 44.4058)
(0.4480000000000002 44.4058)
(0.4520000000000002 44.4058)
(0.4560000000000004 44.4058)
(0.4600000000000004 44.4058)
(0.4640000000000004 44.4058)
(0.4680000000000002 44.4058)
(0.4720000000000002 44.4058)
(0.4760000000000004 44.4058)
(0.4800000000000004 44.4058)
(0.48400000000000043 44.4058)
(0.4880000000000002 44.4058)
(0.4920000000000002 44.4058)
(0.49600000000000044 44.4058)
(0.5000000000000004 44.4058)
(0.5040000000000004 44.4058)
(0.5080000000000002 44.4058)
(0.5120000000000002 44.4058)
(0.5160000000000005 44.4058)
(0.5200000000000005 44.4058)
(0.5240000000000005 44.4058)
(0.5280000000000002 44.4058)
(0.5320000000000003 44.4058)
(0.5360000000000005 44.4058)
(0.5400000000000005 44.4058)
(0.5440000000000005 44.4058)
(0.5480000000000003 44.4058)
(0.5520000000000003 44.4058)
(0.5560000000000005 44.4058)
(0.5600000000000005 44.4058)
(0.5640000000000005 44.4058)
(0.5680000000000003 44.4058)
(0.5720000000000003 44.4058)
(0.5760000000000005 44.4058)
(0.5800000000000005 44.4058)
(0.5840000000000005 44.4058)
(0.5880000000000003 44.4058)
(0.5920000000000003 44.4058)
(0.5960000000000005 44.4058)
(0.6000000000000005 44.4058)
(0.6040000000000005 44.4058)
(0.6080000000000003 44.4058)
(0.6120000000000003 44.4058)
(0.6160000000000005 44.4058)
(0.6200000000000006 44.4058)
(0.6240000000000006 44.4058)
(0.6280000000000003 44.4058)
(0.6320000000000003 44.4058)
(0.6360000000000006 44.4058)
(0.6400000000000006 44.4058)
(0.6440000000000003 44.4058)
(0.6480000000000004 44.4058)
(0.6520000000000004 44.4058)
(0.6560000000000006 44.4058)
(0.6600000000000006 44.4058)
(0.6640000000000004 44.4058)
(0.6680000000000004 44.4058)
(0.6720000000000004 44.4058)
(0.6760000000000006 44.4058)
(0.6800000000000006 44.4058)
(0.6840000000000004 44.4058)
(0.6880000000000004 44.4058)
(0.6920000000000006 44.4058)
(0.6960000000000006 44.4058)
(0.7000000000000006 44.4058)
(0.7040000000000002 44.4058)
(0.7080000000000006 44.4058)
(0.7120000000000006 44.4058)
(0.7160000000000006 44.4058)
(0.7200000000000006 44.4058)
(0.7240000000000002 44.4058)
(0.7280000000000006 44.4058)
(0.7320000000000007 44.4058)
(0.7360000000000007 44.4058)
(0.7400000000000007 44.4058)
(0.7440000000000002 44.4058)
(0.7480000000000007 44.4058)
(0.7520000000000007 44.4058)
(0.7560000000000007 44.4058)
(0.7600000000000007 44.4058)
(0.7640000000000002 44.4058)
(0.7680000000000007 44.4058)
(0.7720000000000007 44.4058)
(0.7760000000000007 44.4058)
(0.7800000000000007 44.4058)
(0.7840000000000003 44.4058)
(0.7880000000000007 44.4058)
(0.7920000000000007 44.4058)
(0.7960000000000007 44.4058)
(0.8000000000000007 44.4058)
(0.8040000000000003 44.4058)
(0.8080000000000007 44.4058)
(0.8120000000000007 44.4058)
(0.8160000000000007 44.4058)
(0.8200000000000007 44.4058)
(0.8240000000000003 44.4058)
(0.8280000000000007 44.4058)
(0.8320000000000007 44.4058)
(0.8360000000000007 44.4058)
(0.8400000000000007 44.4058)
(0.8440000000000003 44.4058)
(0.8480000000000008 44.4058)
(0.8520000000000008 44.4058)
(0.8560000000000008 44.4058)
(0.8600000000000008 44.4058)
(0.8640000000000003 44.4058)
(0.8680000000000008 44.4058)
(0.8720000000000008 44.4058)
(0.8760000000000008 44.4058)
(0.8800000000000008 44.4058)
(0.8840000000000008 44.4058)
(0.8880000000000008 44.4058)
(0.8920000000000008 44.4058)
(0.8960000000000004 44.4058)
(0.9000000000000004 44.4058)
(0.9040000000000004 44.4058)
(0.9080000000000008 44.4058)
(0.9120000000000008 44.4058)
(0.9160000000000008 44.4058)
(0.9200000000000008 44.4058)
(0.9240000000000008 44.4058)
(0.9280000000000008 44.4058)
(0.9320000000000004 44.4058)
(0.9360000000000004 44.4058)
(0.9400000000000004 44.4058)
(0.9440000000000004 44.4058)
(0.9480000000000008 44.4058)
(0.9520000000000008 44.4058)
(0.9560000000000008 44.4058)
(0.9600000000000009 44.4058)
(0.9640000000000009 44.4058)
(0.9680000000000009 44.4058)
(0.9720000000000004 44.4058)
(0.9760000000000004 44.4058)
(0.9800000000000004 44.4058)
(0.9840000000000004 44.4058)
(0.9880000000000009 44.4058)
(0.9920000000000009 44.4058)
(0.9960000000000009 44.4058)
(1.0000000000000004 44.4058)
(1.004000000000001 44.4058)
(1.0080000000000005 44.4058)
(1.0120000000000005 44.4058)
(1.016 44.4058)
(1.0200000000000005 44.4058)
(1.024 44.4058)
(1.028000000000001 44.4058)
(1.0320000000000005 44.4058)
(1.036000000000001 44.4058)
(1.0400000000000005 44.4058)
(1.044000000000001 44.4058)
(1.0480000000000005 44.4058)
(1.0520000000000005 44.4058)
(1.056 44.4058)
(1.0600000000000005 44.4058)
(1.064 44.4058)
(1.068000000000001 44.4058)
(1.0720000000000005 44.4058)
(1.076000000000001 44.4058)
(1.0800000000000005 44.4058)
(1.084000000000001 44.4058)
(1.0880000000000005 44.4058)
(1.0920000000000005 44.4058)
(1.096 44.4058)
(1.1000000000000005 44.4058)
(1.104 44.4058)
(1.108000000000001 44.4058)
(1.1120000000000005 44.4058)
(1.116000000000001 44.4058)
(1.1200000000000006 44.4058)
(1.124000000000001 44.4058)
(1.1280000000000006 44.4058)
(1.1320000000000006 44.4058)
(1.1360000000000001 44.4058)
(1.1400000000000006 44.4058)
(1.1440000000000001 44.4058)
(1.148000000000001 44.4058)
(1.1520000000000006 44.4058)
(1.156000000000001 44.4058)
(1.1600000000000006 44.4058)
(1.164000000000001 44.4058)
(1.1680000000000006 44.4058)
(1.1720000000000006 44.4058)
(1.1760000000000002 44.4058)
(1.1800000000000006 44.4058)
(1.1840000000000002 44.4058)
(1.188000000000001 44.4058)
(1.1920000000000006 44.4058)
(1.196000000000001 44.4058)
(1.2000000000000006 44.4058)
(1.204000000000001 44.4058)
(1.2080000000000006 44.4058)
(1.2120000000000006 44.4058)
(1.2160000000000002 44.4058)
(1.2200000000000006 44.4058)
(1.2240000000000002 44.4058)
(1.228000000000001 44.4058)
(1.2320000000000007 44.4058)
(1.236000000000001 44.4058)
(1.2400000000000007 44.4058)
(1.244000000000001 44.4058)
(1.2480000000000007 44.4058)
(1.2520000000000007 44.4058)
(1.2560000000000002 44.4058)
(1.2600000000000007 44.4058)
(1.2640000000000002 44.4058)
(1.2680000000000011 44.4058)
(1.2720000000000007 44.4058)
(1.2760000000000011 44.4058)
(1.2800000000000007 44.4058)
(1.2840000000000011 44.4058)
(1.2880000000000007 44.4058)
(1.2920000000000007 44.4058)
(1.2960000000000003 44.4058)
(1.3000000000000007 44.4058)
(1.3040000000000003 44.4058)
(1.3080000000000012 44.4058)
(1.3120000000000007 44.4058)
(1.3160000000000012 44.4058)
(1.3200000000000007 44.4058)
(1.3240000000000012 44.4058)
(1.3280000000000007 44.4058)
(1.3320000000000007 44.4058)
(1.3360000000000003 44.4058)
(1.3400000000000007 44.4058)
(1.3440000000000003 44.4058)
(1.3480000000000012 44.4058)
(1.3520000000000008 44.4058)
(1.3560000000000012 44.4058)
(1.3600000000000008 44.4058)
(1.3640000000000012 44.4058)
(1.3680000000000008 44.4058)
(1.3720000000000008 44.4058)
(1.3760000000000003 44.4058)
(1.3800000000000008 44.4058)
(1.3840000000000003 44.4058)
(1.3880000000000012 44.4058)
(1.3920000000000008 44.4058)
(1.3960000000000012 44.4058)
(1.4000000000000008 44.4058)
(1.4040000000000012 44.4058)
(1.4080000000000008 44.4058)
(1.4120000000000008 44.4058)
(1.4160000000000004 44.4058)
(1.4200000000000008 44.4058)
(1.4240000000000004 44.4058)
(1.4280000000000013 44.4058)
(1.4320000000000008 44.4058)
(1.4360000000000013 44.4058)
(1.4400000000000008 44.4058)
(1.4440000000000013 44.4058)
(1.4480000000000008 44.4058)
(1.4520000000000008 44.4058)
(1.4560000000000004 44.4058)
(1.4600000000000009 44.4058)
(1.4640000000000004 44.4058)
(1.4680000000000013 44.4058)
(1.4720000000000009 44.4058)
(1.4760000000000013 44.4058)
(1.4800000000000009 44.4058)
(1.4840000000000013 44.4058)
(1.4880000000000009 44.4058)
(1.4920000000000009 44.4058)
(1.4960000000000004 44.4058)
(1.5000000000000009 44.4058)
(1.5040000000000004 44.4058)
(1.5080000000000013 44.4058)
(1.512000000000001 44.4058)
(1.5160000000000013 44.4058)
(1.520000000000001 44.4058)
(1.5240000000000014 44.4058)
(1.528000000000001 44.4058)
(1.532000000000001 44.4058)
(1.5360000000000005 44.4058)
(1.540000000000001 44.4058)
(1.5440000000000005 44.4058)
(1.5480000000000014 44.4058)
(1.552000000000001 44.4058)
(1.5560000000000014 44.4058)
(1.560000000000001 44.4058)
(1.5640000000000014 44.4058)
(1.568000000000001 44.4058)
(1.572000000000001 44.4058)
(1.5760000000000005 44.4058)
(1.580000000000001 44.4058)
(1.5840000000000005 44.4058)
(1.5880000000000014 44.4058)
(1.592000000000001 44.4058)
(1.5960000000000014 44.4058)
(1.600000000000001 44.4058)
(1.6040000000000014 44.4058)
(1.608000000000001 44.4058)
(1.612000000000001 44.4058)
(1.6160000000000005 44.4058)
(1.620000000000001 44.4058)
(1.6240000000000006 44.4058)
(1.6280000000000014 44.4058)
(1.632000000000001 44.4058)
(1.6360000000000015 44.4058)
(1.640000000000001 44.4058)
(1.6440000000000015 44.4058)
(1.648000000000001 44.4058)
(1.652000000000001 44.4058)
(1.6560000000000006 44.4058)
(1.660000000000001 44.4058)
(1.6640000000000006 44.4058)
(1.6680000000000015 44.4058)
(1.672000000000001 44.4058)
(1.6760000000000015 44.4058)
(1.680000000000001 44.4058)
(1.6840000000000015 44.4058)
(1.688000000000001 44.4058)
(1.692000000000001 44.4058)
(1.6960000000000006 44.4058)
(1.700000000000001 44.4058)
(1.7040000000000006 44.4058)
(1.7080000000000015 44.4058)
(1.712000000000001 44.4058)
(1.7160000000000015 44.4058)
(1.720000000000001 44.4058)
(1.7240000000000015 44.4058)
(1.728000000000001 44.4058)
(1.732000000000001 44.4058)
(1.7360000000000007 44.4058)
(1.740000000000001 44.4058)
(1.7440000000000007 44.4058)
(1.7480000000000016 44.4058)
(1.7520000000000011 44.4058)
(1.7560000000000016 44.4058)
(1.7600000000000011 44.4058)
(1.7640000000000016 44.4058)
(1.7680000000000011 44.4058)
(1.7720000000000011 44.4058)
(1.7760000000000007 44.4058)
(1.7800000000000011 44.4058)
(1.7840000000000007 44.4058)
(1.7880000000000016 44.4058)
(1.7920000000000011 44.4058)
(1.7960000000000016 44.4058)
(1.8000000000000012 44.4058)
(1.8040000000000016 44.4058)
(1.8080000000000012 44.4058)
(1.8120000000000012 44.4058)
(1.8160000000000007 44.4058)
(1.8200000000000012 44.4058)
(1.8240000000000007 44.4058)
(1.8280000000000016 44.4058)
(1.8320000000000012 44.4058)
(1.8360000000000016 44.4058)
(1.8400000000000012 44.4058)
(1.8440000000000016 44.4058)
(1.8480000000000012 44.4058)
(1.8520000000000012 44.4058)
(1.8560000000000008 44.4058)
(1.8600000000000012 44.4058)
(1.8640000000000008 44.4058)
(1.8680000000000017 44.4058)
(1.8720000000000012 44.4058)
(1.8760000000000017 44.4058)
(1.8800000000000012 44.4058)
(1.8840000000000017 44.4058)
(1.8880000000000012 44.4058)
(1.8920000000000012 44.4058)
(1.8960000000000008 44.4058)
(1.9000000000000012 44.4058)
(1.9040000000000008 44.4058)
(1.9080000000000017 44.4058)
(1.9120000000000013 44.4058)
(1.9160000000000017 44.4058)
(1.9200000000000013 44.4058)
(1.9240000000000017 44.4058)
(1.9280000000000013 44.4058)
(1.9320000000000013 44.4058)
(1.9360000000000008 44.4058)
(1.9400000000000013 44.4058)
(1.9440000000000008 44.4058)
(1.9480000000000017 44.4058)
(1.9520000000000013 44.4058)
(1.9560000000000017 44.4058)
(1.9600000000000013 44.4058)
(1.9640000000000017 44.4058)
(1.9680000000000013 44.4058)
(1.9720000000000013 44.4058)
(1.9760000000000009 44.4058)
(1.9800000000000013 44.4058)
(1.9840000000000009 44.4058)
(1.9880000000000018 44.4058)
(1.9920000000000013 44.4058)
(1.9960000000000018 44.4058)
)
