0.000000000000000 0.746620140729041
0.001000000000000 0.747702569182249
0.002000000000000 0.748756952634250
0.003000000000000 0.749783481488201
0.004000000000000 0.750782362232151
0.005000000000000 0.751753817277406
0.006000000000000 0.752698084782043
0.007000000000000 0.753615418459781
0.008000000000000 0.754506087374389
0.009000000000000 0.755370375719839
0.010000000000000 0.756208582586434
0.011000000000000 0.757021021713160
0.012000000000000 0.757808021226500
0.013000000000000 0.758569923366001
0.014000000000000 0.759307084196876
0.015000000000000 0.760019873309925
0.016000000000000 0.760708673509120
0.017000000000000 0.761373880487153
0.018000000000000 0.762015902489315
0.019000000000000 0.762635159966030
0.020000000000000 0.763232085214450
0.021000000000000 0.763807122009453
0.022000000000000 0.764360725224452
0.023000000000000 0.764893360442428
0.024000000000000 0.765405503557568
0.025000000000000 0.765897640367962
0.026000000000000 0.766370266159776
0.027000000000000 0.766823885283331
0.028000000000000 0.767259010721572
0.029000000000000 0.767676163651343
0.030000000000000 0.768075872997969
0.031000000000000 0.768458674983582
0.032000000000000 0.768825112669711
0.033000000000000 0.769175735494585
0.034000000000000 0.769511098805650
0.035000000000000 0.769831763387802
0.036000000000000 0.770138294987828
0.037000000000000 0.770431263835554
0.038000000000000 0.770711244162206
0.039000000000000 0.770978813716500
0.040000000000000 0.771234553278953
0.041000000000000 0.771479046174945
0.042000000000000 0.771712877787018
0.043000000000000 0.771936635066955
0.044000000000000 0.772150906048108
0.045000000000000 0.772356279358521
0.046000000000000 0.772553343735335
0.047000000000000 0.772742687540978
0.048000000000000 0.772924898281642
0.049000000000000 0.773100562128565
0.050000000000000 0.773270263442579
0.051000000000000 0.773434584302418
0.052000000000000 0.773594104037311
0.053000000000000 0.773749398764264
0.054000000000000 0.773901040930575
0.055000000000000 0.774049598861986
0.056000000000000 0.774195636316978
0.057000000000000 0.774339712047607
0.058000000000000 0.774482379367374
0.059000000000000 0.774624185726508
0.060000000000000 0.774765672295122
0.061000000000000 0.774907373554625
0.062000000000000 0.775049816897816
0.063000000000000 0.775193522238023
0.064000000000000 0.775339001627684
0.065000000000000 0.775486758886730
0.066000000000000 0.775637289241113
0.067000000000000 0.775791078971848
0.068000000000000 0.775948605074863
0.069000000000000 0.776110334931997
0.070000000000000 0.776276725993437
0.071000000000000 0.776448225471880
0.072000000000000 0.776625270048700
0.073000000000000 0.776808285592373
0.074000000000000 0.776997686889402
0.075000000000000 0.777193877387970
0.076000000000000 0.777397248954547
0.077000000000000 0.777608181643628
0.078000000000000 0.777827043480796
0.079000000000000 0.778054190259280
0.080000000000000 0.778289965350137
0.081000000000000 0.778534699526219
0.082000000000000 0.778788710800028
0.083000000000000 0.779052304275548
0.084000000000000 0.779325772014162
0.085000000000000 0.779609392914709
0.086000000000000 0.779903432607730
0.087000000000000 0.780208143363941
0.088000000000000 0.780523764016958
0.089000000000000 0.780850519900255
0.090000000000000 0.781188622798370
0.091000000000000 0.781538270912301
0.092000000000000 0.781899648839055
0.093000000000000 0.782272927565287
0.094000000000000 0.782658264474952
0.095000000000000 0.783055803370863
0.096000000000000 0.783465674510054
0.097000000000000 0.783887994652816
0.098000000000000 0.784322867125265
0.099000000000000 0.784770381895280
0.100000000000000 0.785230615661653
0.101000000000000 0.785703631956232
0.102000000000000 0.786189481258907
0.103000000000000 0.786688201125158
0.104000000000000 0.787199816326003
0.105000000000000 0.787724339000045
0.106000000000000 0.788261768817405
0.107000000000000 0.788812093155248
0.108000000000000 0.789375287284634
0.109000000000000 0.789951314568385
0.110000000000000 0.790540126669694
0.111000000000000 0.791141663771120
0.112000000000000 0.791755854803687
0.113000000000000 0.792382617685706
0.114000000000000 0.793021859571015
0.115000000000000 0.793673477106253
0.116000000000000 0.794337356696817
0.117000000000000 0.795013374781129
0.118000000000000 0.795701398112822
0.119000000000000 0.796401284050473
0.120000000000000 0.797112880854479
0.121000000000000 0.797836027990673
0.122000000000000 0.798570556440282
0.123000000000000 0.799316289015800
0.124000000000000 0.800073040682386
0.125000000000000 0.800840618884323
0.126000000000000 0.801618823876164
0.127000000000000 0.802407449058101
0.128000000000000 0.803206281315124
0.129000000000000 0.804015101359578
0.130000000000000 0.804833684076624
0.131000000000000 0.805661798872238
0.132000000000000 0.806499210023233
0.133000000000000 0.807345677028945
0.134000000000000 0.808200954964099
0.135000000000000 0.809064794832438
0.136000000000000 0.809936943920678
0.137000000000000 0.810817146152374
0.138000000000000 0.811705142441241
0.139000000000000 0.812600671043549
0.140000000000000 0.813503467909120
0.141000000000000 0.814413267030557
0.142000000000000 0.815329800790278
0.143000000000000 0.816252800304938
0.144000000000000 0.817181995766855
0.145000000000000 0.818117116782049
0.146000000000000 0.819057892704486
0.147000000000000 0.820004052966178
0.148000000000000 0.820955327402743
0.149000000000000 0.821911446574073
0.150000000000000 0.822872142079759
0.151000000000000 0.823837146868906
0.152000000000000 0.824806195544034
0.153000000000000 0.825779024658714
0.154000000000000 0.826755373008618
0.155000000000000 0.827734981915704
0.156000000000000 0.828717595505215
0.157000000000000 0.829702960975212
0.158000000000000 0.830690828858379
0.159000000000000 0.831680953275825
0.160000000000000 0.832673092182642
0.161000000000000 0.833667007604973
0.162000000000000 0.834662465868384
0.163000000000000 0.835659237817293
0.164000000000000 0.836657099025294
0.165000000000000 0.837655829996167
0.166000000000000 0.838655216355405
0.167000000000000 0.839655049032105
0.168000000000000 0.840655124431062
0.169000000000000 0.841655244594953
0.170000000000000 0.842655217356469
0.171000000000000 0.843654856480319
0.172000000000000 0.844653981794983
0.173000000000000 0.845652419314156
0.174000000000000 0.846650001347820
0.175000000000000 0.847646566602882
0.176000000000000 0.848641960273356
0.177000000000000 0.849636034120060
0.178000000000000 0.850628646539816
0.179000000000000 0.851619662624175
0.180000000000000 0.852608954207668
0.181000000000000 0.853596399905625
0.182000000000000 0.854581885141616
0.183000000000000 0.855565302164557
0.184000000000000 0.856546550055573
0.185000000000000 0.857525534724687
0.186000000000000 0.858502168897450
0.187000000000000 0.859476372091613
0.188000000000000 0.860448070583974
0.189000000000000 0.861417197367522
0.190000000000000 0.862383692099048
0.191000000000000 0.863347501037366
0.192000000000000 0.864308576972321
0.193000000000000 0.865266879144765
0.194000000000000 0.866222373157704
0.195000000000000 0.867175030878806
0.196000000000000 0.868124830334494
0.197000000000000 0.869071755595844
0.198000000000000 0.870015796656525
0.199000000000000 0.870956949303010
0.200000000000000 0.871895214977345
0.201000000000000 0.872830600632682
0.202000000000000 0.873763118581893
0.203000000000000 0.874692786339519
0.204000000000000 0.875619626457318
0.205000000000000 0.876543666353754
0.206000000000000 0.877464938137656
0.207000000000000 0.878383478426402
0.208000000000000 0.879299328158906
0.209000000000000 0.880212532403730
0.210000000000000 0.881123140162629
0.211000000000000 0.882031204169863
0.212000000000000 0.882936780687587
0.213000000000000 0.883839929297647
0.214000000000000 0.884740712690125
0.215000000000000 0.885639196448941
0.216000000000000 0.886535448834879
0.217000000000000 0.887429540566325
0.218000000000000 0.888321544598110
0.219000000000000 0.889211535898746
0.220000000000000 0.890099591226411
0.221000000000000 0.890985788904025
0.222000000000000 0.891870208593737
0.223000000000000 0.892752931071161
0.224000000000000 0.893634037999710
0.225000000000000 0.894513611705306
0.226000000000000 0.895391734951871
0.227000000000000 0.896268490717845
0.228000000000000 0.897143961974092
0.229000000000000 0.898018231463502
0.230000000000000 0.898891381482601
0.231000000000000 0.899763493665460
0.232000000000000 0.900634648770229
0.233000000000000 0.901504926468564
0.234000000000000 0.902374405138255
0.235000000000000 0.903243161659329
0.236000000000000 0.904111271213914
0.237000000000000 0.904978807090106
0.238000000000000 0.905845840490138
0.239000000000000 0.906712440343069
0.240000000000000 0.907578673122267
0.241000000000000 0.908444602667902
0.242000000000000 0.909310290014687
0.243000000000000 0.910175793225085
0.244000000000000 0.911041167228193
0.245000000000000 0.911906463664502
0.246000000000000 0.912771730736723
0.247000000000000 0.913637013066867
0.248000000000000 0.914502351559742
0.249000000000000 0.915367783273025
0.250000000000000 0.916233341294086
0.251000000000000 0.917099054623658
0.252000000000000 0.917964948066527
0.253000000000000 0.918831042129334
0.254000000000000 0.919697352925604
0.255000000000000 0.920563892088106
0.256000000000000 0.921430666688602
0.257000000000000 0.922297679165111
0.258000000000000 0.923164927256683
0.259000000000000 0.924032403945802
0.260000000000000 0.924900097408402
0.261000000000000 0.925767990971567
0.262000000000000 0.926636063078910
0.263000000000000 0.927504287263637
0.264000000000000 0.928372632129312
0.265000000000000 0.929241061338281
0.266000000000000 0.930109533607748
0.267000000000000 0.930978002713456
0.268000000000000 0.931846417500924
0.269000000000000 0.932714721904187
0.270000000000000 0.933582854971974
0.271000000000000 0.934450750901218
0.272000000000000 0.935318339077841
0.273000000000000 0.936185544124693
0.274000000000000 0.937052285956549
0.275000000000000 0.937918479842016
0.276000000000000 0.938784036472266
0.277000000000000 0.939648862036409
0.278000000000000 0.940512858303400
0.279000000000000 0.941375922710288
0.280000000000000 0.942237948456675
0.281000000000000 0.943098824605178
0.282000000000000 0.943958436187757
0.283000000000000 0.944816664317670
0.284000000000000 0.945673386306909
0.285000000000000 0.946528475788874
0.286000000000000 0.947381802846106
0.287000000000000 0.948233234142844
0.288000000000000 0.949082633062198
0.289000000000000 0.949929859847704
0.290000000000000 0.950774771749028
0.291000000000000 0.951617223171591
0.292000000000000 0.952457065829864
0.293000000000000 0.953294148904098
0.294000000000000 0.954128319200215
0.295000000000000 0.954959421312655
0.296000000000000 0.955787297789866
0.297000000000000 0.956611789302228
0.298000000000000 0.957432734812111
0.299000000000000 0.958249971745844
0.300000000000000 0.959063336167284
0.301000000000000 0.959872662952775
0.302000000000000 0.960677785967184
0.303000000000000 0.961478538240765
0.304000000000000 0.962274752146609
0.305000000000000 0.963066259578365
0.306000000000000 0.963852892128013
0.307000000000000 0.964634481263405
0.308000000000000 0.965410858505317
0.309000000000000 0.966181855603742
0.310000000000000 0.966947304713195
0.311000000000000 0.967707038566728
0.312000000000000 0.968460890648468
0.313000000000000 0.969208695364358
0.314000000000000 0.969950288210923
0.315000000000000 0.970685505941768
0.316000000000000 0.971414186731616
0.317000000000000 0.972136170337613
0.318000000000000 0.972851298257716
0.319000000000000 0.973559413885909
0.320000000000000 0.974260362664053
0.321000000000000 0.974953992230160
0.322000000000000 0.975640152562869
0.323000000000000 0.976318696121961
0.324000000000000 0.976989477984693
0.325000000000000 0.977652355977792
0.326000000000000 0.978307190804913
0.327000000000000 0.978953846169413
0.328000000000000 0.979592188892279
0.329000000000000 0.980222089025037
0.330000000000000 0.980843419957533
0.331000000000000 0.981456058520419
0.332000000000000 0.982059885082237
0.333000000000000 0.982654783640981
0.334000000000000 0.983240641910013
0.335000000000000 0.983817351398249
0.336000000000000 0.984384807484528
0.337000000000000 0.984942909486046
0.338000000000000 0.985491560720833
0.339000000000000 0.986030668564171
0.340000000000000 0.986560144498906
0.341000000000000 0.987079904159625
0.342000000000000 0.987589867370639
0.343000000000000 0.988089958177762
0.344000000000000 0.988580104873858
0.345000000000000 0.989060240018163
0.346000000000000 0.989530300449360
0.347000000000000 0.989990227292443
0.348000000000000 0.990439965959366
0.349000000000000 0.990879466143532
0.350000000000000 0.991308681808136
0.351000000000000 0.991727571168421
0.352000000000000 0.992136096667911
0.353000000000000 0.992534224948662
0.354000000000000 0.992921926815635
0.355000000000000 0.993299177195243
0.356000000000000 0.993665955088190
0.357000000000000 0.994022243516679
0.358000000000000 0.994368029466111
0.359000000000000 0.994703303821379
0.360000000000000 0.995028061297883
0.361000000000000 0.995342300367398
0.362000000000000 0.995646023178934
0.363000000000000 0.995939235474717
0.364000000000000 0.996221946501460
0.365000000000000 0.996494168917077
0.366000000000000 0.996755918692989
0.367000000000000 0.997007215012204
0.368000000000000 0.997248080163358
0.369000000000000 0.997478539430859
0.370000000000000 0.997698620981362
0.371000000000000 0.997908355746742
0.372000000000000 0.998107777303761
0.373000000000000 0.998296921750632
0.374000000000000 0.998475827580688
0.375000000000000 0.998644535553354
0.376000000000000 0.998803088562627
0.377000000000000 0.998951531503300
0.378000000000000 0.999089911135118
0.379000000000000 0.999218275945101
0.380000000000000 0.999336676008243
0.381000000000000 0.999445162846824
0.382000000000000 0.999543789288536
0.383000000000000 0.999632609323663
0.384000000000000 0.999711677961535
0.385000000000000 0.999781051086478
0.386000000000000 0.999840785313484
0.387000000000000 0.999890937843828
0.388000000000000 0.999931566320857
0.389000000000000 0.999962728686163
0.390000000000000 0.999984483036375
0.391000000000000 0.999996887480783
0.392000000000000 1.000000000000000
0.393000000000000 0.999993878305899
0.394000000000000 0.999978579703014
0.395000000000000 0.999954160951643
0.396000000000000 0.999920678132816
0.397000000000000 0.999878186515377
0.398000000000000 0.999826740425346
0.399000000000000 0.999766393117773
0.400000000000000 0.999697196651255
0.401000000000000 0.999619201765327
0.402000000000000 0.999532457760884
0.403000000000000 0.999437012383826
0.404000000000000 0.999332911712080
0.405000000000000 0.999220200046177
0.406000000000000 0.999098919803527
0.407000000000000 0.998969111416568
0.408000000000000 0.998830813234903
0.409000000000000 0.998684061431587
0.410000000000000 0.998528889913692
0.411000000000000 0.998365330237264
0.412000000000000 0.998193411526806
0.413000000000000 0.998013160399384
0.414000000000000 0.997824600893475
0.415000000000000 0.997627754402630
0.416000000000000 0.997422639614067
0.417000000000000 0.997209272452257
0.418000000000000 0.996987666027579
0.419000000000000 0.996757830590111
0.420000000000000 0.996519773488614
0.421000000000000 0.996273499134762
0.422000000000000 0.996019008972645
0.423000000000000 0.995756301453586
0.424000000000000 0.995485372016309
0.425000000000000 0.995206213072448
0.426000000000000 0.994918813997425
0.427000000000000 0.994623161126687
0.428000000000000 0.994319237757298
0.429000000000000 0.994007024154869
0.430000000000000 0.993686497565805
0.431000000000000 0.993357632234814
0.432000000000000 0.993020399427677
0.433000000000000 0.992674767459196
0.434000000000000 0.992320701726278
0.435000000000000 0.991958164746089
0.436000000000000 0.991587116199209
0.437000000000000 0.991207512977705
0.438000000000000 0.990819309238033
0.439000000000000 0.990422456458692
0.440000000000000 0.990016903502502
0.441000000000000 0.989602596683426
0.442000000000000 0.989179479837809
0.443000000000000 0.988747494399904
0.444000000000000 0.988306579481589
0.445000000000000 0.987856671956101
0.446000000000000 0.987397706545698
0.447000000000000 0.986929615913047
0.448000000000000 0.986452330756245
0.449000000000000 0.985965779907274
0.450000000000000 0.985469890433768
0.451000000000000 0.984964587743892
0.452000000000000 0.984449795694194
0.453000000000000 0.983925436700244
0.454000000000000 0.983391431849874
0.455000000000000 0.982847701018874
0.456000000000000 0.982294162988911
0.457000000000000 0.981730735567532
0.458000000000000 0.981157335710025
0.459000000000000 0.980573879642982
0.460000000000000 0.979980282989330
0.461000000000000 0.979376460894673
0.462000000000000 0.978762328154726
0.463000000000000 0.978137799343649
0.464000000000000 0.977502788943076
0.465000000000000 0.976857211471660
0.466000000000000 0.976200981614901
0.467000000000000 0.975534014355092
0.468000000000000 0.974856225101156
0.469000000000000 0.974167529818192
0.470000000000000 0.973467845156517
0.471000000000000 0.972757088580036
0.472000000000000 0.972035178493692
0.473000000000000 0.971302034369878
0.474000000000000 0.970557576873528
0.475000000000000 0.969801727985786
0.476000000000000 0.969034411126009
0.477000000000000 0.968255551271930
0.478000000000000 0.967465075077828
0.479000000000000 0.966662910990495
0.480000000000000 0.965848989362839
0.481000000000000 0.965023242564959
0.482000000000000 0.964185605092522
0.483000000000000 0.963336013672277
0.484000000000000 0.962474407364563
0.485000000000000 0.961600727662637
0.486000000000000 0.960714918588705
0.487000000000000 0.959816926786484
0.488000000000000 0.958906701610197
0.489000000000000 0.957984195209831
0.490000000000000 0.957049362612564
0.491000000000000 0.956102161800232
0.492000000000000 0.955142553782726
0.493000000000000 0.954170502667215
0.494000000000000 0.953185975723100
0.495000000000000 0.952188943442598
0.496000000000000 0.951179379596880
0.497000000000000 0.950157261287690
0.498000000000000 0.949122568994353
0.499000000000000 0.948075286616138
0.500000000000000 0.947015401509894
0.501000000000000 0.945942904522925
0.502000000000000 0.944857790021056
0.503000000000000 0.943760055911861
0.504000000000000 0.942649703663019
0.505000000000000 0.941526738315784
0.506000000000000 0.940391168493555
0.507000000000000 0.939243006405550
0.508000000000000 0.938082267845564
0.509000000000000 0.936908972185851
0.510000000000000 0.935723142366133
0.511000000000000 0.934524804877752
0.512000000000000 0.933313989743020
0.513000000000000 0.932090730489795
0.514000000000000 0.930855064121322
0.515000000000000 0.929607031081410
0.516000000000000 0.928346675214994
0.517000000000000 0.927074043724167
0.518000000000000 0.925789187119726
0.519000000000000 0.924492159168346
0.520000000000000 0.923183016835459
0.521000000000000 0.921861820223923
0.522000000000000 0.920528632508596
0.523000000000000 0.919183519866917
0.524000000000000 0.917826551405605
0.525000000000000 0.916457799083592
0.526000000000000 0.915077337631330
0.527000000000000 0.913685244466580
0.528000000000000 0.912281599606833
0.529000000000000 0.910866485578495
0.530000000000000 0.909439987322991
0.531000000000000 0.908002192099916
0.532000000000000 0.906553189387416
0.533000000000000 0.905093070779920
0.534000000000000 0.903621929883426
0.535000000000000 0.902139862208463
0.536000000000000 0.900646965060934
0.537000000000000 0.899143337430972
0.538000000000000 0.897629079880028
0.539000000000000 0.896104294426323
0.540000000000000 0.894569084428876
0.541000000000000 0.893023554470264
0.542000000000000 0.891467810238307
0.543000000000000 0.889901958406867
0.544000000000000 0.888326106515923
0.545000000000000 0.886740362851137
0.546000000000000 0.885144836323067
0.547000000000000 0.883539636346242
0.548000000000000 0.881924872718248
0.549000000000000 0.880300655499045
0.550000000000000 0.878667094890691
0.551000000000000 0.877024301117632
0.552000000000000 0.875372384307779
0.553000000000000 0.873711454374523
0.554000000000000 0.872041620899880
0.555000000000000 0.870362993018949
0.556000000000000 0.868675679305840
0.557000000000000 0.866979787661264
0.558000000000000 0.865275425201942
0.559000000000000 0.863562698152005
0.560000000000000 0.861841711736553
0.561000000000000 0.860112570077516
0.562000000000000 0.858375376091996
0.563000000000000 0.856630231393228
0.564000000000000 0.854877236194309
0.565000000000000 0.853116489214837
0.566000000000000 0.851348087590611
0.567000000000000 0.849572126786514
0.568000000000000 0.847788700512707
0.569000000000000 0.845997900644263
0.570000000000000 0.844199817144367
0.571000000000000 0.842394537991169
0.572000000000000 0.840582149108430
0.573000000000000 0.838762734300031
0.574000000000000 0.836936375188462
0.575000000000000 0.835103151157372
0.576000000000000 0.833263139298255
0.577000000000000 0.831416414361358
0.578000000000000 0.829563048710876
0.579000000000000 0.827703112284498
0.580000000000000 0.825836672557350
0.581000000000000 0.823963794510409
0.582000000000000 0.822084540603390
0.583000000000000 0.820198970752181
0.584000000000000 0.818307142310833
0.585000000000000 0.816409110058122
0.586000000000000 0.814504926188716
0.587000000000000 0.812594640308925
0.588000000000000 0.810678299437076
0.589000000000000 0.808755948008445
0.590000000000000 0.806827627884802
0.591000000000000 0.804893378368484
0.592000000000000 0.802953236221008
0.593000000000000 0.801007235686174
0.594000000000000 0.799055408517614
0.595000000000000 0.797097784010741
0.596000000000000 0.795134389039040
0.597000000000000 0.793165248094644
0.598000000000000 0.791190383333114
0.599000000000000 0.789209814622362
0.600000000000000 0.787223559595623
0.601000000000000 0.785231633708388
0.602000000000000 0.783234050299221
0.603000000000000 0.781230820654331
0.604000000000000 0.779221954075822
0.605000000000000 0.777207457953482
0.606000000000000 0.775187337840030
0.607000000000000 0.773161597529648
0.608000000000000 0.771130239139730
0.609000000000000 0.769093263195667
0.610000000000000 0.767050668718549
0.611000000000000 0.765002453315665
0.612000000000000 0.762948613273609
0.613000000000000 0.760889143653887
0.614000000000000 0.758824038390851
0.615000000000000 0.756753290391799
0.616000000000000 0.754676891639098
0.617000000000000 0.752594833294159
0.618000000000000 0.750507105803082
0.619000000000000 0.748413699003842
0.620000000000000 0.746314602234809
0.621000000000000 0.744209804444441
0.622000000000000 0.742099294301987
0.623000000000000 0.739983060309013
0.624000000000000 0.737861090911576
0.625000000000000 0.735733374612865
0.626000000000000 0.733599900086153
0.627000000000000 0.731460656287840
0.628000000000000 0.729315632570452
0.629000000000000 0.727164818795388
0.630000000000000 0.725008205445251
0.631000000000000 0.722845783735580
0.632000000000000 0.720677545725806
0.633000000000000 0.718503484429264
0.634000000000000 0.716323593922077
0.635000000000000 0.714137869450751
0.636000000000000 0.711946307538304
0.637000000000000 0.709748906088757
0.638000000000000 0.707545664489845
0.639000000000000 0.705336583713744
0.640000000000000 0.703121666415712
0.641000000000000 0.700900917030423
0.642000000000000 0.698674341865908
0.643000000000000 0.696441949194897
0.644000000000000 0.694203749343455
0.645000000000000 0.691959754776758
0.646000000000000 0.689709980181872
0.647000000000000 0.687454442547412
0.648000000000000 0.685193161239942
0.649000000000000 0.682926158077003
0.650000000000000 0.680653457396666
0.651000000000000 0.678375086123458
0.652000000000000 0.676091073830615
0.653000000000000 0.673801452798500
0.654000000000000 0.671506258069151
0.655000000000000 0.669205527496822
0.656000000000000 0.666899301794465
0.657000000000000 0.664587624576077
0.658000000000000 0.662270542394825
0.659000000000000 0.659948104776905
0.660000000000000 0.657620364251066
0.661000000000000 0.655287376373766
0.662000000000000 0.652949199749897
0.663000000000000 0.650605896049057
0.664000000000000 0.648257530017351
0.665000000000000 0.645904169484657
0.666000000000000 0.643545885367403
0.667000000000000 0.641182751666790
0.668000000000000 0.638814845462503
0.669000000000000 0.636442246901879
0.670000000000000 0.634065039184588
0.671000000000000 0.631683308542797
0.672000000000000 0.629297144216890
0.673000000000000 0.626906638426742
0.674000000000000 0.624511886338618
0.675000000000000 0.622112986027712
0.676000000000000 0.619710038436408
0.677000000000000 0.617303147328307
0.678000000000000 0.614892419238101
0.679000000000000 0.612477963417337
0.680000000000000 0.610059891776198
0.681000000000000 0.607638318821345
0.682000000000000 0.605213361589924
0.683000000000000 0.602785139579859
0.684000000000000 0.600353774676491
0.685000000000000 0.597919391075712
0.686000000000000 0.595482115203682
0.687000000000000 0.593042075633272
0.688000000000000 0.590599402997327
0.689000000000000 0.588154229898911
0.690000000000000 0.585706690818647
0.691000000000000 0.583256922019299
0.692000000000000 0.580805061447739
0.693000000000000 0.578351248634439
0.694000000000000 0.575895624590651
0.695000000000000 0.573438331703420
0.696000000000000 0.570979513628595
0.697000000000000 0.568519315181984
0.698000000000000 0.566057882228842
0.699000000000000 0.563595361571837
0.700000000000000 0.561131900837665
0.701000000000000 0.558667648362503
0.702000000000000 0.556202753076450
0.703000000000000 0.553737364387133
0.704000000000000 0.551271632062693
0.705000000000000 0.548805706114249
0.706000000000000 0.546339736678104
0.707000000000000 0.543873873897810
0.708000000000000 0.541408267806297
0.709000000000000 0.538943068208242
0.710000000000000 0.536478424562842
0.711000000000000 0.534014485867196
0.712000000000000 0.531551400540444
0.713000000000000 0.529089316308839
0.714000000000000 0.526628380091969
0.715000000000000 0.524168737890237
0.716000000000000 0.521710534673815
0.717000000000000 0.519253914273233
0.718000000000000 0.516799019271752
0.719000000000000 0.514345990899690
0.720000000000000 0.511894968930890
0.721000000000000 0.509446091581438
0.722000000000000 0.506999495410816
0.723000000000000 0.504555315225644
0.724000000000000 0.502113683986131
0.725000000000000 0.499674732715402
0.726000000000000 0.497238590411830
0.727000000000000 0.494805383964490
0.728000000000000 0.492375238071900
0.729000000000000 0.489948275164133
0.730000000000000 0.487524615328436
0.731000000000000 0.485104376238481
0.732000000000000 0.482687673087330
0.733000000000000 0.480274618524232
0.734000000000000 0.477865322595343
0.735000000000000 0.475459892688457
0.736000000000000 0.473058433481847
0.737000000000000 0.470661046897255
0.738000000000000 0.468267832057158
0.739000000000000 0.465878885246316
0.740000000000000 0.463494299877715
0.741000000000000 0.461114166462902
0.742000000000000 0.458738572586806
0.743000000000000 0.456367602887051
0.744000000000000 0.454001339037797
0.745000000000000 0.451639859738156
0.746000000000000 0.449283240705151
0.747000000000000 0.446931554671286
0.748000000000000 0.444584871386689
0.749000000000000 0.442243257625836
0.750000000000000 0.439906777198848
0.751000000000000 0.437575490967339
0.752000000000000 0.435249456864792
0.753000000000000 0.432928729921423
0.754000000000000 0.430613362293513
0.755000000000000 0.428303403297126
0.756000000000000 0.425998899446214
0.757000000000000 0.423699894494985
0.758000000000000 0.421406429484522
0.759000000000000 0.419118542793560
0.760000000000000 0.416836270193316
0.761000000000000 0.414559644906344
0.762000000000000 0.412288697669263
0.763000000000000 0.410023456799296
0.764000000000000 0.407763948264514
0.765000000000000 0.405510195757651
0.766000000000000 0.403262220773407
0.767000000000000 0.401020042689096
0.768000000000000 0.398783678848517
0.769000000000000 0.396553144648920
0.770000000000000 0.394328453630942
0.771000000000000 0.392109617571341
0.772000000000000 0.389896646578420
0.773000000000000 0.387689549189959
0.774000000000000 0.385488332473532
0.775000000000000 0.383293002129024
0.776000000000000 0.381103562593201
0.777000000000000 0.378920017146178
0.778000000000000 0.376742368019591
0.779000000000000 0.374570616506334
0.780000000000000 0.372404763071662
0.781000000000000 0.370244807465498
0.782000000000000 0.368090748835782
0.783000000000000 0.365942585842635
0.784000000000000 0.363800316773225
0.785000000000000 0.361663939657089
0.786000000000000 0.359533452381780
0.787000000000000 0.357408852808616
0.788000000000000 0.355290138888380
0.789000000000000 0.353177308776759
0.790000000000000 0.351070360949367
0.791000000000000 0.348969294316142
0.792000000000000 0.346874108334952
0.793000000000000 0.344784803124229
0.794000000000000 0.342701379574433
0.795000000000000 0.340623839458194
0.796000000000000 0.338552185538936
0.797000000000000 0.336486421677813
0.798000000000000 0.334426552938793
0.799000000000000 0.332372585691704
0.800000000000000 0.330324527713096
0.801000000000000 0.328282388284738
0.802000000000000 0.326246178289602
0.803000000000000 0.324215910305168
0.804000000000000 0.322191598693907
0.805000000000000 0.320173259690789
0.806000000000000 0.318160911487667
0.807000000000000 0.316154574314409
0.808000000000000 0.314154270516638
0.809000000000000 0.312160024629943
0.810000000000000 0.310171863450454
0.811000000000000 0.308189816101643
0.812000000000000 0.306213914097254
0.813000000000000 0.304244191400244
0.814000000000000 0.302280684477636
0.815000000000000 0.300323432351197
0.816000000000000 0.298372476643839
0.817000000000000 0.296427861621662
0.818000000000000 0.294489634231588
0.819000000000000 0.292557844134468
0.820000000000000 0.290632543733650
0.821000000000000 0.288713788198921
0.822000000000000 0.286801635485787
0.823000000000000 0.284896146350042
0.824000000000000 0.282997384357606
0.825000000000000 0.281105415889585
0.826000000000000 0.279220310142548
0.827000000000000 0.277342139124003
0.828000000000000 0.275470977643073
0.829000000000000 0.273606903296361
0.830000000000000 0.271749996449032
0.831000000000000 0.269900340211106
0.832000000000000 0.268058020409021
0.833000000000000 0.266223125552451
0.834000000000000 0.264395746796465
0.835000000000000 0.262575977899039
0.836000000000000 0.260763915174000
0.837000000000000 0.258959657439433
0.838000000000000 0.257163305961659
0.839000000000000 0.255374964394812
0.840000000000000 0.253594738716147
0.841000000000000 0.251822737157113
0.842000000000000 0.250059070130340
0.843000000000000 0.248303850152597
0.844000000000000 0.246557191763859
0.845000000000000 0.244819211442583
0.846000000000000 0.243090027517310
0.847000000000000 0.241369760074728
0.848000000000000 0.239658530864337
0.849000000000000 0.237956463199815
0.850000000000000 0.236263681857276
0.851000000000000 0.234580312970531
0.852000000000000 0.232906483923528
0.853000000000000 0.231242323240107
0.854000000000000 0.229587960471252
0.855000000000000 0.227943526079989
0.856000000000000 0.226309151324114
0.857000000000000 0.224684968136907
0.858000000000000 0.223071109006036
0.859000000000000 0.221467706850788
0.860000000000000 0.219874894897866
0.861000000000000 0.218292806555877
0.862000000000000 0.216721575288753
0.863000000000000 0.215161334488261
0.864000000000000 0.213612217345796
0.865000000000000 0.212074356723677
0.866000000000000 0.210547885026097
0.867000000000000 0.209032934069974
0.868000000000000 0.207529634955842
0.869000000000000 0.206038117939036
0.870000000000000 0.204558512301317
0.871000000000000 0.203090946223170
0.872000000000000 0.201635546656948
0.873000000000000 0.200192439201067
0.874000000000000 0.198761747975448
0.875000000000000 0.197343595498382
0.876000000000000 0.195938102565031
0.877000000000000 0.194545388127738
0.878000000000000 0.193165569178333
0.879000000000000 0.191798760632624
0.880000000000000 0.190445075217256
0.881000000000000 0.189104623359095
0.882000000000000 0.187777513077347
0.883000000000000 0.186463849878545
0.884000000000000 0.185163736654590
0.885000000000000 0.183877273584013
0.886000000000000 0.182604558036590
0.887000000000000 0.181345684481500
0.888000000000000 0.180100744399132
0.889000000000000 0.178869826196723
0.890000000000000 0.177653015127932
0.891000000000000 0.176450393216506
0.892000000000000 0.175262039184133
0.893000000000000 0.174088028382651
0.894000000000000 0.172928432730667
0.895000000000000 0.171783320654730
0.896000000000000 0.170652757035160
0.897000000000000 0.169536803156600
0.898000000000000 0.168435516663402
0.899000000000000 0.167348951519903
0.900000000000000 0.166277157975701
0.901000000000000 0.165220182535943
0.902000000000000 0.164178067936721
0.903000000000000 0.163150853125620
0.904000000000000 0.162138573247437
0.905000000000000 0.161141259635139
0.906000000000000 0.160158939806051
0.907000000000000 0.159191637463317
0.908000000000000 0.158239372502638
0.909000000000000 0.157302161024279
0.910000000000000 0.156380015350354
0.911000000000000 0.155472944047361
0.912000000000000 0.154580951953963
0.913000000000000 0.153704040213954
0.914000000000000 0.152842206314416
0.915000000000000 0.151995444128981
0.916000000000000 0.151163743966158
0.917000000000000 0.150347092622681
0.918000000000000 0.149545473441773
0.919000000000000 0.148758866376287
0.920000000000000 0.147987248056604
0.921000000000000 0.147230591863228
0.922000000000000 0.146488868003952
0.923000000000000 0.145762043595503
0.924000000000000 0.145050082749547
0.925000000000000 0.144352946662937
0.926000000000000 0.143670593712076
0.927000000000000 0.143002979551244
0.928000000000000 0.142350057214784
0.929000000000000 0.141711777222959
0.930000000000000 0.141088087691362
0.931000000000000 0.140478934443698
0.932000000000000 0.139884261127778
0.933000000000000 0.139304009334563
0.934000000000000 0.138738118720080
0.935000000000000 0.138186527130025
0.936000000000000 0.137649170726865
0.937000000000000 0.137125984119282
0.938000000000000 0.136616900493706
0.939000000000000 0.136121851747813
0.940000000000000 0.135640768625724
0.941000000000000 0.135173580854747
0.942000000000000 0.134720217283426
0.943000000000000 0.134280606020706
0.944000000000000 0.133854674576000
0.945000000000000 0.133442349999937
0.946000000000000 0.133043559025581
0.947000000000000 0.132658228209913
0.948000000000000 0.132286284075335
0.949000000000000 0.131927653251014
0.950000000000000 0.131582262613811
0.951000000000000 0.131250039428605
0.952000000000000 0.130930911487767
0.953000000000000 0.130624807249604
0.954000000000000 0.130331655975507
0.955000000000000 0.130051387865631
0.956000000000000 0.129783934192876
0.957000000000000 0.129529227434948
0.958000000000000 0.129287201404304
0.959000000000000 0.129057791375772
0.960000000000000 0.128840934211627
0.961000000000000 0.128636568483948
0.962000000000000 0.128444634594033
0.963000000000000 0.128265074888688
0.964000000000000 0.128097833773206
0.965000000000000 0.127942857820837
0.966000000000000 0.127800095878585
0.967000000000000 0.127669499169135
0.968000000000000 0.127551021388756
0.969000000000000 0.127444618801023
0.970000000000000 0.127350250326152
0.971000000000000 0.127267877625870
0.972000000000000 0.127197465183592
0.973000000000000 0.127138980379832
0.974000000000000 0.127092393562670
0.975000000000000 0.127057678113165
0.976000000000000 0.127034810505605
0.977000000000000 0.127023770362451
0.978000000000000 0.127024540503905
0.979000000000000 0.127037106991982
0.980000000000000 0.127061459169008
0.981000000000000 0.127097589690456
0.982000000000000 0.127145494552058
0.983000000000000 0.127205173111113
0.984000000000000 0.127276628101955
0.985000000000000 0.127359865645515
0.986000000000000 0.127454895252955
0.987000000000000 0.127561729823330
0.988000000000000 0.127680385635272
0.989000000000000 0.127810882332677
0.990000000000000 0.127953242904382
0.991000000000000 0.128107493657864
0.992000000000000 0.128273664186955
0.993000000000000 0.128451787333604
0.994000000000000 0.128641899143722
0.995000000000000 0.128844038817158
0.996000000000000 0.129058248651836
0.997000000000000 0.129284573982148
0.998000000000000 0.129523063111642
0.999000000000000 0.129773767240099
1.000000000000000 0.130036740385085
1.001000000000000 0.130312039298072
1.002000000000000 0.130599723375235
1.003000000000000 0.130899854563034
1.004000000000000 0.131212497258709
1.005000000000000 0.131537718205809
1.006000000000000 0.131875586384902
1.007000000000000 0.132226172899610
1.008000000000000 0.132589550858113
1.009000000000000 0.132965795250294
1.010000000000000 0.133354982820686
1.011000000000000 0.133757191937398
1.012000000000000 0.134172502457210
1.013000000000000 0.134600995587004
1.014000000000000 0.135042753741752
1.015000000000000 0.135497860399237
1.016000000000000 0.135966399951737
1.017000000000000 0.136448457554867
1.018000000000000 0.136944118973793
1.019000000000000 0.137453470427067
1.020000000000000 0.137976598428276
1.021000000000000 0.138513589625752
1.022000000000000 0.139064530640587
1.023000000000000 0.139629507903172
1.024000000000000 0.140208607488512
1.025000000000000 0.140801914950566
1.026000000000000 0.141409515155850
1.027000000000000 0.142031492116558
1.028000000000000 0.142667928823450
1.029000000000000 0.143318907078765
1.030000000000000 0.143984507329404
1.031000000000000 0.144664808500648
1.032000000000000 0.145359887830657
1.033000000000000 0.146069820706019
1.034000000000000 0.146794680498579
1.035000000000000 0.147534538403837
1.036000000000000 0.148289463281138
1.037000000000000 0.149059521495922
1.038000000000000 0.149844776764274
1.039000000000000 0.150645290000036
1.040000000000000 0.151461119164712
1.041000000000000 0.152292319120418
1.042000000000000 0.153138941486104
1.043000000000000 0.154001034497298
1.044000000000000 0.154878642869595
1.045000000000000 0.155771807666121
1.046000000000000 0.156680566169184
1.047000000000000 0.157604951756347
1.048000000000000 0.158544993781116
1.049000000000000 0.159500717458473
1.050000000000000 0.160472143755409
1.051000000000000 0.161459289286714
1.052000000000000 0.162462166216153
1.053000000000000 0.163480782163233
1.054000000000000 0.164515140115742
1.055000000000000 0.165565238348199
1.056000000000000 0.166631070346397
1.057000000000000 0.167712624738169
1.058000000000000 0.168809885230531
1.059000000000000 0.169922830553320
1.060000000000000 0.171051434409461
1.061000000000000 0.172195665431973
1.062000000000000 0.173355487147818
1.063000000000000 0.174530857948679
1.064000000000000 0.175721731068773
1.065000000000000 0.176928054569750
1.066000000000000 0.178149771332764
1.067000000000000 0.179386819057754
1.068000000000000 0.180639130269992
1.069000000000000 0.181906632333928
1.070000000000000 0.183189247474349
1.071000000000000 0.184486892804885
1.072000000000000 0.185799480363835
1.073000000000000 0.187126917157338
1.074000000000000 0.188469105209840
1.075000000000000 0.189825941621850
1.076000000000000 0.191197318634930
1.077000000000000 0.192583123703881
1.078000000000000 0.193983239576044
1.079000000000000 0.195397544377668
1.080000000000000 0.196825911707235
1.081000000000000 0.198268210735677
1.082000000000000 0.199724306313350
1.083000000000000 0.201194059083673
1.084000000000000 0.202677325603304
1.085000000000000 0.204173958468698
1.086000000000000 0.205683806448928
1.087000000000000 0.207206714624603
1.088000000000000 0.208742524532698
1.089000000000000 0.210291074317171
1.090000000000000 0.211852198885120
1.091000000000000 0.213425730068337
1.092000000000000 0.215011496790035
1.093000000000000 0.216609325236539
1.094000000000000 0.218219039033725
1.095000000000000 0.219840459427976
1.096000000000000 0.221473405471426
1.097000000000000 0.223117694211242
1.098000000000000 0.224773140882699
1.099000000000000 0.226439559105795
1.100000000000000 0.228116761085121
1.101000000000000 0.229804557812752
1.102000000000000 0.231502759273853
1.103000000000000 0.233211174654727
1.104000000000000 0.234929612553027
1.105000000000000 0.236657881189833
1.106000000000000 0.238395788623290
1.107000000000000 0.240143142963531
1.108000000000000 0.241899752588558
1.109000000000000 0.243665426360784
1.110000000000000 0.245439973843921
1.111000000000000 0.247223205519918
1.112000000000000 0.249014933005612
1.113000000000000 0.250814969268790
1.114000000000000 0.252623128843344
1.115000000000000 0.254439228043200
1.116000000000000 0.256263085174707
1.117000000000000 0.258094520747149
1.118000000000000 0.259933357681100
1.119000000000000 0.261779421514271
1.120000000000000 0.263632540604552
1.121000000000000 0.265492546329929
1.122000000000000 0.267359273284984
1.123000000000000 0.269232559473630
1.124000000000000 0.271112246497838
1.125000000000000 0.272998179741989
1.126000000000000 0.274890208552609
1.127000000000000 0.276788186413168
1.128000000000000 0.278691971113659
1.129000000000000 0.280601424914685
1.130000000000000 0.282516414705772
1.131000000000000 0.284436812157640
1.132000000000000 0.286362493868172
1.133000000000000 0.288293341501824
1.134000000000000 0.290229241922231
1.135000000000000 0.292170087317763
1.136000000000000 0.294115775319817
1.137000000000000 0.296066209113587
1.138000000000000 0.298021297541133
1.139000000000000 0.299980955196545
1.140000000000000 0.301945102512964
1.141000000000000 0.303913665841321
1.142000000000000 0.305886577520605
1.143000000000000 0.307863775939487
1.144000000000000 0.309845205589146
1.145000000000000 0.311830817107171
1.146000000000000 0.313820567312394
1.147000000000000 0.315814419230531
1.148000000000000 0.317812342110540
1.149000000000000 0.319814311431579
1.150000000000000 0.321820308900501
1.151000000000000 0.323830322439797
1.152000000000000 0.325844346165943
1.153000000000000 0.327862380358088
1.154000000000000 0.329884431417071
1.155000000000000 0.331910511814729
1.156000000000000 0.333940640033495
1.157000000000000 0.335974840496299
1.158000000000000 0.338013143486773
1.159000000000000 0.340055585059815
1.160000000000000 0.342102206942538
1.161000000000000 0.344153056425674
1.162000000000000 0.346208186245507
1.163000000000000 0.348267654456403
1.164000000000000 0.350331524294062
1.165000000000000 0.352399864029579
1.166000000000000 0.354472746814461
1.167000000000000 0.356550250516707
1.168000000000000 0.358632457548145
1.169000000000000 0.360719454683146
1.170000000000000 0.362811332868917
1.171000000000000 0.364908187027552
1.172000000000000 0.367010115850051
1.173000000000000 0.369117221582503
1.174000000000000 0.371229609804670
1.175000000000000 0.373347389201201
1.176000000000000 0.375470671325733
1.177000000000000 0.377599570358128
1.178000000000000 0.379734202855116
1.179000000000000 0.381874687494626
1.180000000000000 0.384021144814098
1.181000000000000 0.386173696943065
1.182000000000000 0.388332467330327
1.183000000000000 0.390497580466029
1.184000000000000 0.392669161598961
1.185000000000000 0.394847336449439
1.186000000000000 0.397032230918083
1.187000000000000 0.399223970790863
1.188000000000000 0.401422681440764
1.189000000000000 0.403628487526429
1.190000000000000 0.405841512688167
1.191000000000000 0.408061879241686
1.192000000000000 0.410289707869938
1.193000000000000 0.412525117313483
1.194000000000000 0.414768224059727
1.195000000000000 0.417019142031463
1.196000000000000 0.419277982275100
1.197000000000000 0.421544852648977
1.198000000000000 0.423819857512189
1.199000000000000 0.426103097414299
1.200000000000000 0.428394668786372
1.201000000000000 0.430694663633740
1.202000000000000 0.433003169230870
1.203000000000000 0.435320267818807
1.204000000000000 0.437646036305538
1.205000000000000 0.439980545969731
1.206000000000000 0.442323862168236
1.207000000000000 0.444676044047744
1.208000000000000 0.447037144261022
1.209000000000000 0.449407208688115
1.210000000000000 0.451786276162906
1.211000000000000 0.454174378205433
1.212000000000000 0.456571538760330
1.213000000000000 0.458977773941793
1.214000000000000 0.461393091785437
1.215000000000000 0.463817492007400
1.216000000000000 0.466250965771073
1.217000000000000 0.468693495461801
1.218000000000000 0.471145054469894
1.219000000000000 0.473605606982298
1.220000000000000 0.476075107783244
1.221000000000000 0.478553502064209
1.222000000000000 0.481040725243470
1.223000000000000 0.483536702795593
1.224000000000000 0.486041350091096
1.225000000000000 0.488554572246619
1.226000000000000 0.491076263985812
1.227000000000000 0.493606309511249
1.228000000000000 0.496144582387571
1.229000000000000 0.498690945436105
1.230000000000000 0.501245250641184
1.231000000000000 0.503807339068357
1.232000000000000 0.506377040794699
1.233000000000000 0.508954174851375
1.234000000000000 0.511538549178650
1.235000000000000 0.514129960593466
1.236000000000000 0.516728194769753
1.237000000000000 0.519333026231561
1.238000000000000 0.521944218359142
1.239000000000000 0.524561523408068
1.240000000000000 0.527184682541450
1.241000000000000 0.529813425875336
1.242000000000000 0.532447472537305
1.243000000000000 0.535086530738322
1.244000000000000 0.537730297857825
1.245000000000000 0.540378460542088
1.246000000000000 0.543030694815782
1.247000000000000 0.545686666206773
1.248000000000000 0.548346029884020
1.249000000000000 0.551008430808591
1.250000000000000 0.553673503897645
1.251000000000000 0.556340874201331
1.252000000000000 0.559010157092450
1.253000000000000 0.561680958468779
1.254000000000000 0.564352874967897
1.255000000000000 0.567025494194348
1.256000000000000 0.569698394958979
1.257000000000000 0.572371147530237
1.258000000000000 0.575043313897241
1.259000000000000 0.577714448044394
1.260000000000000 0.580384096237294
1.261000000000000 0.583051797319709
1.262000000000000 0.585717083021325
1.263000000000000 0.588379478276023
1.264000000000000 0.591038501550341
1.265000000000000 0.593693665181872
1.266000000000000 0.596344475727238
1.267000000000000 0.598990434319317
1.268000000000000 0.601631037033380
1.269000000000000 0.604265775261806
1.270000000000000 0.606894136096946
1.271000000000000 0.609515602721838
1.272000000000000 0.612129654808300
1.273000000000000 0.614735768922073
1.274000000000000 0.617333418934562
1.275000000000000 0.619922076440764
1.276000000000000 0.622501211182965
1.277000000000000 0.625070291479761
1.278000000000000 0.627628784659967
1.279000000000000 0.630176157500944
1.280000000000000 0.632711876670914
1.281000000000000 0.635235409174783
1.282000000000000 0.637746222802987
1.283000000000000 0.640243786582923
1.284000000000000 0.642727571232448
1.285000000000000 0.645197049614985
1.286000000000000 0.647651697195735
1.287000000000000 0.650090992498520
1.288000000000000 0.652514417562740
1.289000000000000 0.654921458399979
1.290000000000000 0.657311605449734
1.291000000000000 0.659684354033794
1.292000000000000 0.662039204808764
1.293000000000000 0.664375664216232
1.294000000000000 0.666693244930089
1.295000000000000 0.668991466300519
1.296000000000000 0.671269854794147
1.297000000000000 0.673527944429873
1.298000000000000 0.675765277209906
1.299000000000000 0.677981403545515
1.300000000000000 0.680175882677014
1.301000000000000 0.682348283087525
1.302000000000000 0.684498182910049
1.303000000000000 0.686625170327376
1.304000000000000 0.688728843964409
1.305000000000000 0.690808813272417
1.306000000000000 0.692864698904827
1.307000000000000 0.694896133084095
1.308000000000000 0.696902759959255
1.309000000000000 0.698884235953725
1.310000000000000 0.700840230102980
1.311000000000000 0.702770424381710
1.312000000000000 0.704674514020059
1.313000000000000 0.706552207808617
1.314000000000000 0.708403228391786
1.315000000000000 0.710227312549177
1.316000000000000 0.712024211464735
1.317000000000000 0.713793690983244
1.318000000000000 0.715535531853929
1.319000000000000 0.717249529960877
1.320000000000000 0.718935496539972
1.321000000000000 0.720593258382118
1.322000000000000 0.722222658022487
1.323000000000000 0.723823553915570
1.324000000000000 0.725395820595815
1.325000000000000 0.726939348823660
1.326000000000000 0.728454045716772
1.327000000000000 0.729939834866338
1.328000000000000 0.731396656438251
1.329000000000000 0.732824467259055
1.330000000000000 0.734223240886558
1.331000000000000 0.735592967664979
1.332000000000000 0.736933654764586
1.333000000000000 0.738245326205733
1.334000000000000 0.739528022867258
1.335000000000000 0.740781802479231
1.336000000000000 0.742006739600015
1.337000000000000 0.743202925577657
1.338000000000000 0.744370468495638
1.339000000000000 0.745509493103018
1.340000000000000 0.746620140729041
