0.000000000e+00 6.576182228e-02
5.000000000e-03 6.851517771e-02
1.000000000e-02 7.268706858e-02
1.500000000e-02 8.028621277e-02
2.000000000e-02 9.238434309e-02
2.500000000e-02 1.088887379e-01
3.000000000e-02 1.310919367e-01
3.500000000e-02 1.582985759e-01
4.000000000e-02 1.934482350e-01
4.500000000e-02 2.288856655e-01
5.000000000e-02 2.813118137e-01
5.500000000e-02 3.655182845e-01
6.000000000e-02 4.158889313e-01
6.500000000e-02 5.079384321e-01
7.000000000e-02 6.039265244e-01
7.500000000e-02 6.694295730e-01
8.000000000e-02 7.382141366e-01
8.500000000e-02 8.008785218e-01
9.000000000e-02 8.553730360e-01
9.500000000e-02 9.026088491e-01
1.000000000e-01 9.395493040e-01
1.050000000e-01 9.651366086e-01
1.100000000e-01 9.826103075e-01
1.150000000e-01 9.902812670e-01
1.200000000e-01 9.872404981e-01
1.250000000e-01 9.779648576e-01
1.300000000e-01 9.651969718e-01
1.350000000e-01 9.488929162e-01
1.400000000e-01 9.309426514e-01
1.450000000e-01 9.116852118e-01
1.500000000e-01 8.916796328e-01
1.550000000e-01 8.711194284e-01
1.600000000e-01 8.499450266e-01
1.650000000e-01 8.289916718e-01
1.700000000e-01 8.095545137e-01
1.750000000e-01 7.889457519e-01
1.800000000e-01 7.680389220e-01
1.850000000e-01 7.482229674e-01
1.900000000e-01 7.287047965e-01
1.950000000e-01 7.084613918e-01
2.000000000e-01 6.879340240e-01
2.050000000e-01 6.691447948e-01
2.100000000e-01 6.515462218e-01
2.150000000e-01 6.346927759e-01
2.200000000e-01 6.199011812e-01
2.250000000e-01 6.063978518e-01
2.300000000e-01 5.927408196e-01
2.350000000e-01 5.801177450e-01
2.400000000e-01 5.681009285e-01
2.450000000e-01 5.551895598e-01
2.500000000e-01 5.424115392e-01
2.550000000e-01 5.304852210e-01
2.600000000e-01 5.175730350e-01
2.650000000e-01 5.037105129e-01
2.700000000e-01 4.890641462e-01
2.750000000e-01 4.732209496e-01
2.800000000e-01 4.570979838e-01
2.850000000e-01 4.379092893e-01
2.900000000e-01 4.261786982e-01
2.950000000e-01 4.147155955e-01
3.000000000e-01 3.976395811e-01
3.050000000e-01 3.885524228e-01
3.100000000e-01 3.690005990e-01
3.150000000e-01 3.501310058e-01
3.200000000e-01 3.331924653e-01
3.250000000e-01 3.140985232e-01
3.300000000e-01 2.962786900e-01
3.350000000e-01 2.789852104e-01
3.400000000e-01 2.622408977e-01
3.450000000e-01 2.463985115e-01
3.500000000e-01 2.323739274e-01
3.550000000e-01 2.198082139e-01
3.600000000e-01 2.077582585e-01
3.650000000e-01 1.991203292e-01
3.700000000e-01 1.914223260e-01
3.750000000e-01 1.848433486e-01
3.800000000e-01 1.801579338e-01
3.850000000e-01 1.765810382e-01
3.900000000e-01 1.748891774e-01
3.950000000e-01 1.756893369e-01
4.000000000e-01 1.786347842e-01
4.050000000e-01 1.829934943e-01
4.100000000e-01 1.886103515e-01
4.150000000e-01 1.954229167e-01
4.200000000e-01 2.016993903e-01
4.250000000e-01 2.063898630e-01
4.300000000e-01 2.113220890e-01
4.350000000e-01 2.162278430e-01
4.400000000e-01 2.199008163e-01
4.450000000e-01 2.245138594e-01
4.500000000e-01 2.276045781e-01
4.550000000e-01 2.315274649e-01
4.600000000e-01 2.357305806e-01
4.650000000e-01 2.384387185e-01
4.700000000e-01 2.414709106e-01
4.750000000e-01 2.453164730e-01
4.800000000e-01 2.480237824e-01
4.850000000e-01 2.500502820e-01
4.900000000e-01 2.524489716e-01
4.950000000e-01 2.545798887e-01
5.000000000e-01 2.553620044e-01
5.050000000e-01 2.554337087e-01
5.100000000e-01 2.553472829e-01
5.150000000e-01 2.555128370e-01
5.200000000e-01 2.552166398e-01
5.250000000e-01 2.536271172e-01
5.300000000e-01 2.522582226e-01
5.350000000e-01 2.495640665e-01
5.400000000e-01 2.468039046e-01
5.450000000e-01 2.446332978e-01
5.500000000e-01 2.413356172e-01
5.550000000e-01 2.367319088e-01
5.600000000e-01 2.336460178e-01
5.650000000e-01 2.298061718e-01
5.700000000e-01 2.251641451e-01
5.750000000e-01 2.205314888e-01
5.800000000e-01 2.152400878e-01
5.850000000e-01 2.107758526e-01
5.900000000e-01 2.056398633e-01
5.950000000e-01 2.007963781e-01
6.000000000e-01 1.961343179e-01
6.050000000e-01 1.908609288e-01
6.100000000e-01 1.863897507e-01
6.150000000e-01 1.818479322e-01
6.200000000e-01 1.777925396e-01
6.250000000e-01 1.742186035e-01
6.300000000e-01 1.702811662e-01
6.350000000e-01 1.657314310e-01
6.400000000e-01 1.612447662e-01
6.450000000e-01 1.566341327e-01
6.500000000e-01 1.526397252e-01
6.550000000e-01 1.487239481e-01
6.600000000e-01 1.441503364e-01
6.650000000e-01 1.396876449e-01
6.700000000e-01 1.344497752e-01
6.750000000e-01 1.296595038e-01
6.800000000e-01 1.252115916e-01
6.850000000e-01 1.208158371e-01
6.900000000e-01 1.171528142e-01
6.950000000e-01 1.140715862e-01
7.000000000e-01 1.117337245e-01
7.050000000e-01 1.093945442e-01
7.100000000e-01 1.075351165e-01
7.150000000e-01 1.058768455e-01
7.200000000e-01 1.027799387e-01
7.250000000e-01 1.010536702e-01
7.300000000e-01 9.976602577e-02
7.350000000e-01 9.796885031e-02
7.400000000e-01 9.539996999e-02
7.450000000e-01 9.240346414e-02
7.500000000e-01 9.021463843e-02
7.550000000e-01 8.722568438e-02
7.600000000e-01 8.500343714e-02
7.650000000e-01 8.372580668e-02
7.700000000e-01 8.217161586e-02
7.750000000e-01 8.067723034e-02
7.800000000e-01 7.918040707e-02
7.850000000e-01 7.767832904e-02
7.900000000e-01 7.617795868e-02
7.950000000e-01 7.468079836e-02
8.000000000e-01 7.317784539e-02
8.050000000e-01 7.166604464e-02
8.100000000e-01 7.024860927e-02
8.150000000e-01 6.833044759e-02
8.200000000e-01 6.590168692e-02
8.250000000e-01 6.382359161e-02
8.300000000e-01 6.236385110e-02
8.350000000e-01 6.019407854e-02
