0.000000000e+00 5.986260009e-03
5.000000000e-03 8.946579715e-03
1.000000000e-02 1.343206336e-02
1.500000000e-02 2.160242015e-02
2.000000000e-02 3.460994297e-02
2.500000000e-02 5.235494045e-02
3.000000000e-02 7.622710977e-02
3.500000000e-02 1.054788181e-01
4.000000000e-02 1.432706075e-01
4.500000000e-02 1.813717994e-01
5.000000000e-02 2.377387173e-01
5.500000000e-02 3.282748217e-01
6.000000000e-02 3.824317302e-01
6.500000000e-02 4.814004096e-01
7.000000000e-02 5.846037367e-01
7.500000000e-02 6.550305197e-01
8.000000000e-02 7.289854827e-01
8.500000000e-02 7.963602257e-01
9.000000000e-02 8.549509845e-01
9.500000000e-02 9.057374202e-01
1.000000000e-01 9.454546159e-01
1.050000000e-01 9.729652674e-01
1.100000000e-01 9.917524297e-01
1.150000000e-01 1.000000000e+00
1.200000000e-01 9.967306625e-01
1.250000000e-01 9.867577905e-01
1.300000000e-01 9.730301680e-01
1.350000000e-01 9.555005688e-01
1.400000000e-01 9.362010182e-01
1.450000000e-01 9.154960350e-01
1.500000000e-01 8.939866763e-01
1.550000000e-01 8.718810021e-01
1.600000000e-01 8.491149624e-01
1.650000000e-01 8.265865855e-01
1.700000000e-01 8.056883747e-01
1.750000000e-01 7.835304930e-01
1.800000000e-01 7.610521382e-01
1.850000000e-01 7.397466575e-01
1.900000000e-01 7.187613444e-01
1.950000000e-01 6.969962830e-01
2.000000000e-01 6.749259136e-01
2.050000000e-01 6.547243353e-01
2.100000000e-01 6.358029125e-01
2.150000000e-01 6.176826264e-01
2.200000000e-01 6.017791769e-01
2.250000000e-01 5.872608289e-01
2.300000000e-01 5.725772247e-01
2.350000000e-01 5.590052985e-01
2.400000000e-01 5.460852017e-01
2.450000000e-01 5.322033111e-01
2.500000000e-01 5.184647920e-01
2.550000000e-01 5.056419961e-01
2.600000000e-01 4.917592266e-01
2.650000000e-01 4.768546862e-01
2.700000000e-01 4.611073811e-01
2.750000000e-01 4.440732828e-01
2.800000000e-01 4.267383856e-01
2.850000000e-01 4.061073150e-01
2.900000000e-01 3.934949585e-01
2.950000000e-01 3.811701971e-01
3.000000000e-01 3.628106126e-01
3.050000000e-01 3.530403906e-01
3.100000000e-01 3.320188949e-01
3.150000000e-01 3.117309118e-01
3.200000000e-01 2.935191347e-01
3.250000000e-01 2.729899388e-01
3.300000000e-01 2.538306240e-01
3.350000000e-01 2.352372279e-01
3.400000000e-01 2.172342783e-01
3.450000000e-01 2.002010514e-01
3.500000000e-01 1.851222670e-01
3.550000000e-01 1.716120138e-01
3.600000000e-01 1.586562871e-01
3.650000000e-01 1.493690618e-01
3.700000000e-01 1.410924148e-01
3.750000000e-01 1.340189088e-01
3.800000000e-01 1.289813006e-01
3.850000000e-01 1.251355369e-01
3.900000000e-01 1.233165022e-01
3.950000000e-01 1.241768081e-01
4.000000000e-01 1.273436589e-01
4.050000000e-01 1.320300046e-01
4.100000000e-01 1.380690699e-01
4.150000000e-01 1.453937220e-01
4.200000000e-01 1.521419857e-01
4.250000000e-01 1.571850320e-01
4.300000000e-01 1.624880036e-01
4.350000000e-01 1.677625134e-01
4.400000000e-01 1.717115769e-01
4.450000000e-01 1.766713733e-01
4.500000000e-01 1.799944152e-01
4.550000000e-01 1.842121776e-01
4.600000000e-01 1.887312332e-01
4.650000000e-01 1.916429365e-01
4.700000000e-01 1.949030525e-01
4.750000000e-01 1.990376781e-01
4.800000000e-01 2.019484907e-01
4.850000000e-01 2.041273182e-01
4.900000000e-01 2.067063125e-01
4.950000000e-01 2.089974064e-01
5.000000000e-01 2.098383122e-01
5.050000000e-01 2.099154064e-01
5.100000000e-01 2.098224842e-01
5.150000000e-01 2.100004826e-01
5.200000000e-01 2.096820208e-01
5.250000000e-01 2.079730170e-01
5.300000000e-01 2.065012253e-01
5.350000000e-01 2.036045549e-01
5.400000000e-01 2.006369170e-01
5.450000000e-01 1.983031500e-01
5.500000000e-01 1.947575892e-01
5.550000000e-01 1.898078292e-01
5.600000000e-01 1.864899779e-01
5.650000000e-01 1.823614983e-01
5.700000000e-01 1.773705397e-01
5.750000000e-01 1.723896558e-01
5.800000000e-01 1.667005107e-01
5.850000000e-01 1.619007077e-01
5.900000000e-01 1.563786563e-01
5.950000000e-01 1.511710959e-01
6.000000000e-01 1.461585979e-01
6.050000000e-01 1.404888186e-01
6.100000000e-01 1.356815509e-01
6.150000000e-01 1.307983328e-01
6.200000000e-01 1.264381044e-01
6.250000000e-01 1.225955227e-01
6.300000000e-01 1.183621160e-01
6.350000000e-01 1.134703861e-01
6.400000000e-01 1.086464676e-01
6.450000000e-01 1.036892619e-01
6.500000000e-01 9.939460278e-02
6.550000000e-01 9.518448449e-02
6.600000000e-01 9.026708344e-02
6.650000000e-01 8.546894027e-02
6.700000000e-01 7.983735025e-02
6.750000000e-01 7.468700363e-02
6.800000000e-01 6.990475077e-02
6.850000000e-01 6.517857610e-02
6.900000000e-01 6.124021102e-02
6.950000000e-01 5.792737322e-02
7.000000000e-01 5.541377910e-02
7.050000000e-01 5.289876722e-02
7.100000000e-01 5.089956998e-02
7.150000000e-01 4.911665002e-02
7.200000000e-01 4.578695492e-02
7.250000000e-01 4.393092618e-02
7.300000000e-01 4.254649211e-02
7.350000000e-01 4.061422653e-02
7.400000000e-01 3.785224858e-02
7.450000000e-01 3.463050132e-02
7.500000000e-01 3.227714591e-02
7.550000000e-01 2.906351810e-02
7.600000000e-01 2.667422894e-02
7.650000000e-01 2.530056153e-02
7.700000000e-01 2.362954527e-02
7.750000000e-01 2.202282974e-02
7.800000000e-01 2.041349324e-02
7.850000000e-01 1.879850698e-02
7.900000000e-01 1.718535674e-02
7.950000000e-01 1.557565785e-02
8.000000000e-01 1.395973089e-02
8.050000000e-01 1.233429106e-02
8.100000000e-01 1.081030988e-02
8.150000000e-01 8.747963796e-03
8.200000000e-01 6.136637997e-03
8.250000000e-01 3.902336373e-03
8.300000000e-01 2.332870068e-03
8.350000000e-01 0.000000000e+00
