0.000000000e+00 -2.859575442e-01
5.000000000e-03 -2.829972245e-01
1.000000000e-02 -2.785117409e-01
1.500000000e-02 -2.703413841e-01
2.000000000e-02 -2.573338612e-01
2.500000000e-02 -2.395888638e-01
3.000000000e-02 -2.157166944e-01
3.500000000e-02 -1.864649861e-01
4.000000000e-02 -1.486731967e-01
4.500000000e-02 -1.105720048e-01
5.000000000e-02 -5.420508692e-02
5.500000000e-02 3.633101746e-02
6.000000000e-02 9.048792604e-02
6.500000000e-02 1.894566054e-01
7.000000000e-02 2.926599325e-01
7.500000000e-02 3.630867155e-01
8.000000000e-02 4.370416785e-01
8.500000000e-02 5.044164215e-01
9.000000000e-02 5.630071803e-01
9.500000000e-02 6.137936159e-01
1.000000000e-01 6.535108117e-01
1.050000000e-01 6.810214632e-01
1.100000000e-01 6.998086255e-01
1.150000000e-01 7.080561958e-01
1.200000000e-01 7.047868583e-01
1.250000000e-01 6.948139863e-01
1.300000000e-01 6.810863638e-01
1.350000000e-01 6.635567646e-01
1.400000000e-01 6.442572140e-01
1.450000000e-01 6.235522308e-01
1.500000000e-01 6.020428721e-01
1.550000000e-01 5.799371979e-01
1.600000000e-01 5.571711582e-01
1.650000000e-01 5.346427813e-01
1.700000000e-01 5.137445705e-01
1.750000000e-01 4.915866888e-01
1.800000000e-01 4.691083340e-01
1.850000000e-01 4.478028533e-01
1.900000000e-01 4.268175402e-01
1.950000000e-01 4.050524788e-01
2.000000000e-01 3.829821094e-01
2.050000000e-01 3.627805311e-01
2.100000000e-01 3.438591083e-01
2.150000000e-01 3.257388222e-01
2.200000000e-01 3.098353727e-01
2.250000000e-01 2.953170247e-01
2.300000000e-01 2.806334205e-01
2.350000000e-01 2.670614943e-01
2.400000000e-01 2.541413975e-01
2.450000000e-01 2.402595069e-01
2.500000000e-01 2.265209878e-01
2.550000000e-01 2.136981919e-01
2.600000000e-01 1.998154224e-01
2.650000000e-01 1.849108820e-01
2.700000000e-01 1.691635769e-01
2.750000000e-01 1.521294786e-01
2.800000000e-01 1.347945814e-01
2.850000000e-01 1.141635108e-01
2.900000000e-01 1.015511543e-01
2.950000000e-01 8.922639287e-02
3.000000000e-01 7.086680835e-02
3.050000000e-01 6.109658639e-02
3.100000000e-01 4.007509072e-02
3.150000000e-01 1.978710756e-02
3.200000000e-01 1.575330529e-03
3.250000000e-01 -1.895386536e-02
3.300000000e-01 -3.811318022e-02
3.350000000e-01 -5.670657632e-02
3.400000000e-01 -7.470952590e-02
3.450000000e-01 -9.174275283e-02
3.500000000e-01 -1.068215372e-01
3.550000000e-01 -1.203317905e-01
3.600000000e-01 -1.332875171e-01
3.650000000e-01 -1.425747425e-01
3.700000000e-01 -1.508513894e-01
3.750000000e-01 -1.579248954e-01
3.800000000e-01 -1.629625036e-01
3.850000000e-01 -1.668082673e-01
3.900000000e-01 -1.686273020e-01
3.950000000e-01 -1.677669961e-01
4.000000000e-01 -1.646001453e-01
4.050000000e-01 -1.599137996e-01
4.100000000e-01 -1.538747344e-01
4.150000000e-01 -1.465500822e-01
4.200000000e-01 -1.398018185e-01
4.250000000e-01 -1.347587722e-01
4.300000000e-01 -1.294558006e-01
4.350000000e-01 -1.241812908e-01
4.400000000e-01 -1.202322273e-01
4.450000000e-01 -1.152724309e-01
4.500000000e-01 -1.119493890e-01
4.550000000e-01 -1.077316266e-01
4.600000000e-01 -1.032125710e-01
4.650000000e-01 -1.003008678e-01
4.700000000e-01 -9.704075175e-02
4.750000000e-01 -9.290612611e-02
4.800000000e-01 -8.999531354e-02
4.850000000e-01 -8.781648599e-02
4.900000000e-01 -8.523749167e-02
4.950000000e-01 -8.294639781e-02
5.000000000e-01 -8.210549201e-02
5.050000000e-01 -8.202839778e-02
5.100000000e-01 -8.212132002e-02
5.150000000e-01 -8.194332162e-02
5.200000000e-01 -8.226178338e-02
5.250000000e-01 -8.397078717e-02
5.300000000e-01 -8.544257889e-02
5.350000000e-01 -8.833924933e-02
5.400000000e-01 -9.130688718e-02
5.450000000e-01 -9.364065423e-02
5.500000000e-01 -9.718621496e-02
5.550000000e-01 -1.021359750e-01
5.600000000e-01 -1.054538263e-01
5.650000000e-01 -1.095823059e-01
5.700000000e-01 -1.145732645e-01
5.750000000e-01 -1.195541484e-01
5.800000000e-01 -1.252432935e-01
5.850000000e-01 -1.300430965e-01
5.900000000e-01 -1.355651479e-01
5.950000000e-01 -1.407727083e-01
6.000000000e-01 -1.457852063e-01
6.050000000e-01 -1.514549856e-01
6.100000000e-01 -1.562622533e-01
6.150000000e-01 -1.611454714e-01
6.200000000e-01 -1.655056998e-01
6.250000000e-01 -1.693482815e-01
6.300000000e-01 -1.735816883e-01
6.350000000e-01 -1.784734181e-01
6.400000000e-01 -1.832973366e-01
6.450000000e-01 -1.882545423e-01
6.500000000e-01 -1.925492014e-01
6.550000000e-01 -1.967593197e-01
6.600000000e-01 -2.016767208e-01
6.650000000e-01 -2.064748639e-01
6.700000000e-01 -2.121064540e-01
6.750000000e-01 -2.172568006e-01
6.800000000e-01 -2.220390534e-01
6.850000000e-01 -2.267652281e-01
6.900000000e-01 -2.307035932e-01
6.950000000e-01 -2.340164310e-01
7.000000000e-01 -2.365300251e-01
7.050000000e-01 -2.390450370e-01
7.100000000e-01 -2.410442342e-01
7.150000000e-01 -2.428271542e-01
7.200000000e-01 -2.461568493e-01
7.250000000e-01 -2.480128780e-01
7.300000000e-01 -2.493973121e-01
7.350000000e-01 -2.513295777e-01
7.400000000e-01 -2.540915556e-01
7.450000000e-01 -2.573133029e-01
7.500000000e-01 -2.596666583e-01
7.550000000e-01 -2.628802861e-01
7.600000000e-01 -2.652695753e-01
7.650000000e-01 -2.666432427e-01
7.700000000e-01 -2.683142589e-01
7.750000000e-01 -2.699209745e-01
7.800000000e-01 -2.715303110e-01
7.850000000e-01 -2.731452972e-01
7.900000000e-01 -2.747584475e-01
7.950000000e-01 -2.763681464e-01
8.000000000e-01 -2.779840733e-01
8.050000000e-01 -2.796095131e-01
8.100000000e-01 -2.811334943e-01
8.150000000e-01 -2.831958404e-01
8.200000000e-01 -2.858071662e-01
8.250000000e-01 -2.880414678e-01
8.300000000e-01 -2.896109341e-01
8.350000000e-01 -2.919438042e-01
