0.000000000e+00 6.944896950e-01
5.000000000e-03 6.967099348e-01
1.000000000e-02 7.000740475e-01
1.500000000e-02 7.062018151e-01
2.000000000e-02 7.159574572e-01
2.500000000e-02 7.292662053e-01
3.000000000e-02 7.471703323e-01
3.500000000e-02 7.691091136e-01
4.000000000e-02 7.974529556e-01
4.500000000e-02 8.260288496e-01
5.000000000e-02 8.683040380e-01
5.500000000e-02 9.362061162e-01
6.000000000e-02 9.768237977e-01
6.500000000e-02 1.051050307e+00
7.000000000e-02 1.128452803e+00
7.500000000e-02 1.181272890e+00
8.000000000e-02 1.236739112e+00
8.500000000e-02 1.287270169e+00
9.000000000e-02 1.331213238e+00
9.500000000e-02 1.369303065e+00
1.000000000e-01 1.399090962e+00
1.050000000e-01 1.419723951e+00
1.100000000e-01 1.433814322e+00
1.150000000e-01 1.440000000e+00
1.200000000e-01 1.437547997e+00
1.250000000e-01 1.430068343e+00
1.300000000e-01 1.419772626e+00
1.350000000e-01 1.406625427e+00
1.400000000e-01 1.392150764e+00
1.450000000e-01 1.376622026e+00
1.500000000e-01 1.360490007e+00
1.550000000e-01 1.343910752e+00
1.600000000e-01 1.326836222e+00
1.650000000e-01 1.309939939e+00
1.700000000e-01 1.294266281e+00
1.750000000e-01 1.277647870e+00
1.800000000e-01 1.260789104e+00
1.850000000e-01 1.244809993e+00
1.900000000e-01 1.229071008e+00
1.950000000e-01 1.212747212e+00
2.000000000e-01 1.196194435e+00
2.050000000e-01 1.181043251e+00
2.100000000e-01 1.166852184e+00
2.150000000e-01 1.153261970e+00
2.200000000e-01 1.141334383e+00
2.250000000e-01 1.130445622e+00
2.300000000e-01 1.119432919e+00
2.350000000e-01 1.109253974e+00
2.400000000e-01 1.099563901e+00
2.450000000e-01 1.089152483e+00
2.500000000e-01 1.078848594e+00
2.550000000e-01 1.069231497e+00
2.600000000e-01 1.058819420e+00
2.650000000e-01 1.047641015e+00
2.700000000e-01 1.035830536e+00
2.750000000e-01 1.023054962e+00
2.800000000e-01 1.010053789e+00
2.850000000e-01 9.945804862e-01
2.900000000e-01 9.851212189e-01
2.950000000e-01 9.758776478e-01
3.000000000e-01 9.621079594e-01
3.050000000e-01 9.547802929e-01
3.100000000e-01 9.390141712e-01
3.150000000e-01 9.237981838e-01
3.200000000e-01 9.101393511e-01
3.250000000e-01 8.947424541e-01
3.300000000e-01 8.803729680e-01
3.350000000e-01 8.664279209e-01
3.400000000e-01 8.529257087e-01
3.450000000e-01 8.401507885e-01
3.500000000e-01 8.288417003e-01
3.550000000e-01 8.187090103e-01
3.600000000e-01 8.089922153e-01
3.650000000e-01 8.020267963e-01
3.700000000e-01 7.958193111e-01
3.750000000e-01 7.905141816e-01
3.800000000e-01 7.867359755e-01
3.850000000e-01 7.838516527e-01
3.900000000e-01 7.824873767e-01
3.950000000e-01 7.831326061e-01
4.000000000e-01 7.855077442e-01
4.050000000e-01 7.890225034e-01
4.100000000e-01 7.935518024e-01
4.150000000e-01 7.990452915e-01
4.200000000e-01 8.041064893e-01
4.250000000e-01 8.078887740e-01
4.300000000e-01 8.118660027e-01
4.350000000e-01 8.158218850e-01
4.400000000e-01 8.187836827e-01
4.450000000e-01 8.225035300e-01
4.500000000e-01 8.249958114e-01
4.550000000e-01 8.281591332e-01
4.600000000e-01 8.315484249e-01
4.650000000e-01 8.337322023e-01
4.700000000e-01 8.361772893e-01
4.750000000e-01 8.392782586e-01
4.800000000e-01 8.414613680e-01
4.850000000e-01 8.430954887e-01
4.900000000e-01 8.450297344e-01
4.950000000e-01 8.467480548e-01
5.000000000e-01 8.473787342e-01
5.050000000e-01 8.474365548e-01
5.100000000e-01 8.473668631e-01
5.150000000e-01 8.475003619e-01
5.200000000e-01 8.472615156e-01
5.250000000e-01 8.459797628e-01
5.300000000e-01 8.448759190e-01
5.350000000e-01 8.427034162e-01
5.400000000e-01 8.404776878e-01
5.450000000e-01 8.387273625e-01
5.500000000e-01 8.360681919e-01
5.550000000e-01 8.323558719e-01
5.600000000e-01 8.298674834e-01
5.650000000e-01 8.267711237e-01
5.700000000e-01 8.230279047e-01
5.750000000e-01 8.192922418e-01
5.800000000e-01 8.150253830e-01
5.850000000e-01 8.114255308e-01
5.900000000e-01 8.072839922e-01
5.950000000e-01 8.033783219e-01
6.000000000e-01 7.996189484e-01
6.050000000e-01 7.953666140e-01
6.100000000e-01 7.917611632e-01
6.150000000e-01 7.880987496e-01
6.200000000e-01 7.848285783e-01
6.250000000e-01 7.819466420e-01
6.300000000e-01 7.787715870e-01
6.350000000e-01 7.751027896e-01
6.400000000e-01 7.714848507e-01
6.450000000e-01 7.677669465e-01
6.500000000e-01 7.645459521e-01
6.550000000e-01 7.613883634e-01
6.600000000e-01 7.577003126e-01
6.650000000e-01 7.541017052e-01
6.700000000e-01 7.498780127e-01
6.750000000e-01 7.460152527e-01
6.800000000e-01 7.424285631e-01
6.850000000e-01 7.388839321e-01
6.900000000e-01 7.359301583e-01
6.950000000e-01 7.334455299e-01
7.000000000e-01 7.315603343e-01
7.050000000e-01 7.296740754e-01
7.100000000e-01 7.281746775e-01
7.150000000e-01 7.268374875e-01
7.200000000e-01 7.243402162e-01
7.250000000e-01 7.229481946e-01
7.300000000e-01 7.219098691e-01
7.350000000e-01 7.204606699e-01
7.400000000e-01 7.183891864e-01
7.450000000e-01 7.159728760e-01
7.500000000e-01 7.142078594e-01
7.550000000e-01 7.117976386e-01
7.600000000e-01 7.100056717e-01
7.650000000e-01 7.089754211e-01
7.700000000e-01 7.077221590e-01
7.750000000e-01 7.065171223e-01
7.800000000e-01 7.053101199e-01
7.850000000e-01 7.040988802e-01
7.900000000e-01 7.028890176e-01
7.950000000e-01 7.016817434e-01
8.000000000e-01 7.004697982e-01
8.050000000e-01 6.992507183e-01
8.100000000e-01 6.981077324e-01
8.150000000e-01 6.965609728e-01
8.200000000e-01 6.946024785e-01
8.250000000e-01 6.929267523e-01
8.300000000e-01 6.917496526e-01
8.350000000e-01 6.900000000e-01
