0.000000000e+00 -2.659654483e-01
5.000000000e-03 -2.632120929e-01
1.000000000e-02 -2.590402020e-01
1.500000000e-02 -2.514410578e-01
2.000000000e-02 -2.393429275e-01
2.500000000e-02 -2.228385327e-01
3.000000000e-02 -2.006353338e-01
3.500000000e-02 -1.734286947e-01
4.000000000e-02 -1.382790355e-01
4.500000000e-02 -1.028416050e-01
5.000000000e-02 -5.041545689e-02
5.500000000e-02 3.379101388e-02
6.000000000e-02 8.416166072e-02
6.500000000e-02 1.762111615e-01
7.000000000e-02 2.721992538e-01
7.500000000e-02 3.377023024e-01
8.000000000e-02 4.064868660e-01
8.500000000e-02 4.691512513e-01
9.000000000e-02 5.236457654e-01
9.500000000e-02 5.708815785e-01
1.000000000e-01 6.078220335e-01
1.050000000e-01 6.334093380e-01
1.100000000e-01 6.508830369e-01
1.150000000e-01 6.585539964e-01
1.200000000e-01 6.555132275e-01
1.250000000e-01 6.462375870e-01
1.300000000e-01 6.334697012e-01
1.350000000e-01 6.171656456e-01
1.400000000e-01 5.992153808e-01
1.450000000e-01 5.799579412e-01
1.500000000e-01 5.599523623e-01
1.550000000e-01 5.393921579e-01
1.600000000e-01 5.182177560e-01
1.650000000e-01 4.972644013e-01
1.700000000e-01 4.778272431e-01
1.750000000e-01 4.572184813e-01
1.800000000e-01 4.363116514e-01
1.850000000e-01 4.164956968e-01
1.900000000e-01 3.969775259e-01
1.950000000e-01 3.767341212e-01
2.000000000e-01 3.562067534e-01
2.050000000e-01 3.374175242e-01
2.100000000e-01 3.198189512e-01
2.150000000e-01 3.029655053e-01
2.200000000e-01 2.881739107e-01
2.250000000e-01 2.746705812e-01
2.300000000e-01 2.610135490e-01
2.350000000e-01 2.483904744e-01
2.400000000e-01 2.363736579e-01
2.450000000e-01 2.234622892e-01
2.500000000e-01 2.106842686e-01
2.550000000e-01 1.987579505e-01
2.600000000e-01 1.858457644e-01
2.650000000e-01 1.719832424e-01
2.700000000e-01 1.573368756e-01
2.750000000e-01 1.414936790e-01
2.800000000e-01 1.253707132e-01
2.850000000e-01 1.061820187e-01
2.900000000e-01 9.445142760e-02
2.950000000e-01 8.298832488e-02
3.000000000e-01 6.591231053e-02
3.050000000e-01 5.682515226e-02
3.100000000e-01 3.727332845e-02
3.150000000e-01 1.840373524e-02
3.200000000e-01 1.465194743e-03
3.250000000e-01 -1.762874735e-02
3.300000000e-01 -3.544858063e-02
3.350000000e-01 -5.274206014e-02
3.400000000e-01 -6.948637290e-02
3.450000000e-01 -8.532875904e-02
3.500000000e-01 -9.935334320e-02
3.550000000e-01 -1.119190567e-01
3.600000000e-01 -1.239690121e-01
3.650000000e-01 -1.326069414e-01
3.700000000e-01 -1.403049446e-01
3.750000000e-01 -1.468839220e-01
3.800000000e-01 -1.515693368e-01
3.850000000e-01 -1.551462323e-01
3.900000000e-01 -1.568380932e-01
3.950000000e-01 -1.560379337e-01
4.000000000e-01 -1.530924864e-01
4.050000000e-01 -1.487337763e-01
4.100000000e-01 -1.431169190e-01
4.150000000e-01 -1.363043539e-01
4.200000000e-01 -1.300278803e-01
4.250000000e-01 -1.253374076e-01
4.300000000e-01 -1.204051816e-01
4.350000000e-01 -1.154994276e-01
4.400000000e-01 -1.118264543e-01
4.450000000e-01 -1.072134111e-01
4.500000000e-01 -1.041226925e-01
4.550000000e-01 -1.001998057e-01
4.600000000e-01 -9.599668997e-02
4.650000000e-01 -9.328855209e-02
4.700000000e-01 -9.025635996e-02
4.750000000e-01 -8.641079762e-02
4.800000000e-01 -8.370348814e-02
4.850000000e-01 -8.167698856e-02
4.900000000e-01 -7.927829898e-02
4.950000000e-01 -7.714738193e-02
5.000000000e-01 -7.636526622e-02
5.050000000e-01 -7.629356186e-02
5.100000000e-01 -7.637998765e-02
5.150000000e-01 -7.621443362e-02
5.200000000e-01 -7.651063082e-02
5.250000000e-01 -7.810015335e-02
5.300000000e-01 -7.946904797e-02
5.350000000e-01 -8.216320404e-02
5.400000000e-01 -8.492336598e-02
5.450000000e-01 -8.709397281e-02
5.500000000e-01 -9.039165343e-02
5.550000000e-01 -9.499536181e-02
5.600000000e-01 -9.808125279e-02
5.650000000e-01 -1.019210988e-01
5.700000000e-01 -1.065631255e-01
5.750000000e-01 -1.111957818e-01
5.800000000e-01 -1.164871827e-01
5.850000000e-01 -1.209514180e-01
5.900000000e-01 -1.260874073e-01
5.950000000e-01 -1.309308925e-01
6.000000000e-01 -1.355929527e-01
6.050000000e-01 -1.408663417e-01
6.100000000e-01 -1.453375199e-01
6.150000000e-01 -1.498793384e-01
6.200000000e-01 -1.539347310e-01
6.250000000e-01 -1.575086670e-01
6.300000000e-01 -1.614461044e-01
6.350000000e-01 -1.659958396e-01
6.400000000e-01 -1.704825044e-01
6.450000000e-01 -1.750931379e-01
6.500000000e-01 -1.790875454e-01
6.550000000e-01 -1.830033225e-01
6.600000000e-01 -1.875769342e-01
6.650000000e-01 -1.920396257e-01
6.700000000e-01 -1.972774954e-01
6.750000000e-01 -2.020677668e-01
6.800000000e-01 -2.065156789e-01
6.850000000e-01 -2.109114335e-01
6.900000000e-01 -2.145744564e-01
6.950000000e-01 -2.176556844e-01
7.000000000e-01 -2.199935460e-01
7.050000000e-01 -2.223327264e-01
7.100000000e-01 -2.241921541e-01
7.150000000e-01 -2.258504251e-01
7.200000000e-01 -2.289473319e-01
7.250000000e-01 -2.306736004e-01
7.300000000e-01 -2.319612448e-01
7.350000000e-01 -2.337584203e-01
7.400000000e-01 -2.363273006e-01
7.450000000e-01 -2.393238064e-01
7.500000000e-01 -2.415126321e-01
7.550000000e-01 -2.445015862e-01
7.600000000e-01 -2.467238334e-01
7.650000000e-01 -2.480014639e-01
7.700000000e-01 -2.495556547e-01
7.750000000e-01 -2.510500402e-01
7.800000000e-01 -2.525468635e-01
7.850000000e-01 -2.540489415e-01
7.900000000e-01 -2.555493119e-01
7.950000000e-01 -2.570464722e-01
8.000000000e-01 -2.585494252e-01
8.050000000e-01 -2.600612259e-01
8.100000000e-01 -2.614786613e-01
8.150000000e-01 -2.633968230e-01
8.200000000e-01 -2.658255837e-01
8.250000000e-01 -2.679036790e-01
8.300000000e-01 -2.693634195e-01
8.350000000e-01 -2.715331920e-01
