0.000000000e+00 7.855318419e-01
5.000000000e-03 7.877520816e-01
1.000000000e-02 7.911161944e-01
1.500000000e-02 7.972439620e-01
2.000000000e-02 8.069996041e-01
2.500000000e-02 8.203083522e-01
3.000000000e-02 8.382124792e-01
3.500000000e-02 8.601512604e-01
4.000000000e-02 8.884951025e-01
4.500000000e-02 9.170709964e-01
5.000000000e-02 9.593461848e-01
5.500000000e-02 1.027248263e+00
6.000000000e-02 1.067865945e+00
6.500000000e-02 1.142092454e+00
7.000000000e-02 1.219494949e+00
7.500000000e-02 1.272315037e+00
8.000000000e-02 1.327781259e+00
8.500000000e-02 1.378312316e+00
9.000000000e-02 1.422255385e+00
9.500000000e-02 1.460345212e+00
1.000000000e-01 1.490133109e+00
1.050000000e-01 1.510766097e+00
1.100000000e-01 1.524856469e+00
1.150000000e-01 1.531042147e+00
1.200000000e-01 1.528590144e+00
1.250000000e-01 1.521110490e+00
1.300000000e-01 1.510814773e+00
1.350000000e-01 1.497667573e+00
1.400000000e-01 1.483192910e+00
1.450000000e-01 1.467664173e+00
1.500000000e-01 1.451532154e+00
1.550000000e-01 1.434952898e+00
1.600000000e-01 1.417878369e+00
1.650000000e-01 1.400982086e+00
1.700000000e-01 1.385308428e+00
1.750000000e-01 1.368690017e+00
1.800000000e-01 1.351831250e+00
1.850000000e-01 1.335852140e+00
1.900000000e-01 1.320113155e+00
1.950000000e-01 1.303789359e+00
2.000000000e-01 1.287236582e+00
2.050000000e-01 1.272085398e+00
2.100000000e-01 1.257894331e+00
2.150000000e-01 1.244304117e+00
2.200000000e-01 1.232376530e+00
2.250000000e-01 1.221487769e+00
2.300000000e-01 1.210475065e+00
2.350000000e-01 1.200296121e+00
2.400000000e-01 1.190606048e+00
2.450000000e-01 1.180194630e+00
2.500000000e-01 1.169890741e+00
2.550000000e-01 1.160273644e+00
2.600000000e-01 1.149861567e+00
2.650000000e-01 1.138683162e+00
2.700000000e-01 1.126872683e+00
2.750000000e-01 1.114097109e+00
2.800000000e-01 1.101095936e+00
2.850000000e-01 1.085622633e+00
2.900000000e-01 1.076163366e+00
2.950000000e-01 1.066919795e+00
3.000000000e-01 1.053150106e+00
3.050000000e-01 1.045822440e+00
3.100000000e-01 1.030056318e+00
3.150000000e-01 1.014840331e+00
3.200000000e-01 1.001181498e+00
3.250000000e-01 9.857846010e-01
3.300000000e-01 9.714151148e-01
3.350000000e-01 9.574700678e-01
3.400000000e-01 9.439678556e-01
3.450000000e-01 9.311929354e-01
3.500000000e-01 9.198838471e-01
3.550000000e-01 9.097511572e-01
3.600000000e-01 9.000343621e-01
3.650000000e-01 8.930689432e-01
3.700000000e-01 8.868614580e-01
3.750000000e-01 8.815563284e-01
3.800000000e-01 8.777781223e-01
3.850000000e-01 8.748937995e-01
3.900000000e-01 8.735295235e-01
3.950000000e-01 8.741747529e-01
4.000000000e-01 8.765498910e-01
4.050000000e-01 8.800646503e-01
4.100000000e-01 8.845939492e-01
4.150000000e-01 8.900874383e-01
4.200000000e-01 8.951486361e-01
4.250000000e-01 8.989309209e-01
4.300000000e-01 9.029081496e-01
4.350000000e-01 9.068640319e-01
4.400000000e-01 9.098258295e-01
4.450000000e-01 9.135456768e-01
4.500000000e-01 9.160379582e-01
4.550000000e-01 9.192012800e-01
4.600000000e-01 9.225905718e-01
4.650000000e-01 9.247743492e-01
4.700000000e-01 9.272194362e-01
4.750000000e-01 9.303204054e-01
4.800000000e-01 9.325035148e-01
4.850000000e-01 9.341376355e-01
4.900000000e-01 9.360718812e-01
4.950000000e-01 9.377902016e-01
5.000000000e-01 9.384208810e-01
5.050000000e-01 9.384787017e-01
5.100000000e-01 9.384090100e-01
5.150000000e-01 9.385425088e-01
5.200000000e-01 9.383036625e-01
5.250000000e-01 9.370219096e-01
5.300000000e-01 9.359180658e-01
5.350000000e-01 9.337455630e-01
5.400000000e-01 9.315198346e-01
5.450000000e-01 9.297695093e-01
5.500000000e-01 9.271103388e-01
5.550000000e-01 9.233980188e-01
5.600000000e-01 9.209096303e-01
5.650000000e-01 9.178132706e-01
5.700000000e-01 9.140700516e-01
5.750000000e-01 9.103343887e-01
5.800000000e-01 9.060675299e-01
5.850000000e-01 9.024676776e-01
5.900000000e-01 8.983261391e-01
5.950000000e-01 8.944204688e-01
6.000000000e-01 8.906610952e-01
6.050000000e-01 8.864087608e-01
6.100000000e-01 8.828033100e-01
6.150000000e-01 8.791408965e-01
6.200000000e-01 8.758707252e-01
6.250000000e-01 8.729887889e-01
6.300000000e-01 8.698137338e-01
6.350000000e-01 8.661449365e-01
6.400000000e-01 8.625269976e-01
6.450000000e-01 8.588090933e-01
6.500000000e-01 8.555880989e-01
6.550000000e-01 8.524305102e-01
6.600000000e-01 8.487424594e-01
6.650000000e-01 8.451438520e-01
6.700000000e-01 8.409201595e-01
6.750000000e-01 8.370573996e-01
6.800000000e-01 8.334707099e-01
6.850000000e-01 8.299260789e-01
6.900000000e-01 8.269723051e-01
6.950000000e-01 8.244876768e-01
7.000000000e-01 8.226024812e-01
7.050000000e-01 8.207162223e-01
7.100000000e-01 8.192168243e-01
7.150000000e-01 8.178796344e-01
7.200000000e-01 8.153823630e-01
7.250000000e-01 8.139903415e-01
7.300000000e-01 8.129520159e-01
7.350000000e-01 8.115028167e-01
7.400000000e-01 8.094313333e-01
7.450000000e-01 8.070150228e-01
7.500000000e-01 8.052500063e-01
7.550000000e-01 8.028397854e-01
7.600000000e-01 8.010478185e-01
7.650000000e-01 8.000175680e-01
7.700000000e-01 7.987643058e-01
7.750000000e-01 7.975592691e-01
7.800000000e-01 7.963522668e-01
7.850000000e-01 7.951410271e-01
7.900000000e-01 7.939311644e-01
7.950000000e-01 7.927238902e-01
8.000000000e-01 7.915119450e-01
8.050000000e-01 7.902928651e-01
8.100000000e-01 7.891498793e-01
8.150000000e-01 7.876031197e-01
8.200000000e-01 7.856446253e-01
8.250000000e-01 7.839688991e-01
8.300000000e-01 7.827917994e-01
8.350000000e-01 7.810421468e-01
