1000
(
(-0.0028595693452 -2.05888838164e-05 -0.000224461862166)
(-0.00114115120255 8.06915498907e-05 0.0471803374757)
(0.00152804910485 0.000773326664658 -0.0440333674824)
(0.000311121442973 0.0012024578467 0.0211177085562)
(0.00121653442901 -0.00217644383461 -0.0326636042741)
(0.00114460194159 0.00127450724816 0.0227561836914)
(-0.00254618840567 0.00179810263053 0.020207529682)
(-0.00293122154665 0.000863288206033 -0.0386020908968)
(0.00252974348483 -0.0020623549667 0.0114569435628)
(-0.00234138228074 0.000379942302413 0.0422212915102)
(-0.000153212113171 -0.00268418112681 0.00670292232825)
(-0.000857662699172 0.00267544633382 -0.0478039918463)
(0.000392262900641 0.00178870746157 -0.0107771470077)
(-0.000187099067691 0.000482399983551 -0.0102616893766)
(0.00127149336834 -0.000717468019028 0.0258710974384)
(1.70012714015e-05 0.000304356651225 0.0482348402131)
(-0.000119433038828 8.57024164697e-05 0.00200374805369)
(-0.00182788858986 0.00174516624745 -0.049335509784)
(-0.00118041402684 -0.00178707949865 -0.0378801425622)
(-0.000100291939235 -0.00117066996154 -0.0104776798574)
(-0.000638718661093 -0.00173768172089 -0.033983809611)
(-0.00256718185401 -0.00266762730189 0.0212782540043)
(0.0004470984397 0.00230881375424 -0.0450666181532)
(0.000508224942123 0.00175428450512 -0.0399882222876)
(-0.00124788784735 0.00232887536206 -0.00841709976334)
(0.0025605865585 0.00176708677377 0.0478857940244)
(0.000237506839884 -0.00194031802789 0.00384556209236)
(-0.00072504801539 0.000801785726972 0.00298010773725)
(-0.00161416511627 -0.0013418477898 -0.0158137991138)
(9.81286699167e-05 -0.000624185877382 -0.0458561425321)
(0.00049474852799 -0.00347450603361 -0.0125735477694)
(0.000257145902234 0.000816817092733 0.0318082803545)
(0.00127818123911 0.000961346225453 0.0224855844832)
(0.00030256763567 0.00062320229365 0.00943569385526)
(0.00187071327019 0.00105077363253 -0.00975240376402)
(6.21127742197e-05 -0.00259525909697 0.0107876397337)
(0.00108608741912 -0.000384010478173 -0.0266310676762)
(0.00183028350757 0.000596039985178 0.0478992689355)
(0.00186118282313 0.000938393010423 0.0154997449677)
(-0.0020602046595 0.000727505587832 0.0419850161723)
(0.0015537195111 -0.00145717607641 0.046138270288)
(-0.000710737156327 0.00130861558768 -0.01830115329)
(-0.00218771629912 -0.000358802017228 0.0271895578858)
(0.00160609251476 0.00288036540481 0.0454929244216)
(0.00167393880902 8.51709751768e-05 -0.0275533693747)
(0.00263643679227 0.000642105789367 0.0195619838965)
(0.00119106463945 0.00228422525601 -0.038278989368)
(6.58792086095e-05 -0.000406953835528 -0.00301482812408)
(-0.000991138723669 -0.00149865152775 0.0143015190701)
(-0.00128717553141 -0.000206653552894 -0.0346858092739)
(0.00107630730886 -0.000549514195337 -0.0402586535643)
(0.002160221325 0.000747406746675 0.00627654641261)
(0.000278287438853 -0.00159240705537 0.00184490949318)
(-0.00143552285948 0.0016604933456 -0.0448465011709)
(-0.000915841202864 0.000829035116293 -0.0303065834631)
(-0.00164335579529 0.00034526359221 -0.0293497478528)
(-0.00133699045851 0.000698231048751 0.000711989462754)
(0.000952088434368 0.00156710459076 -0.0239061730197)
(-0.0026454967136 0.00117409323615 -0.0369283276241)
(-0.00105314807797 -0.0011762311027 0.00473440734635)
(0.0010329841357 0.000747025626917 -0.0185891902617)
(0.000265189809162 0.00244387037636 -0.0339307350742)
(-0.0020315643575 0.00180007110157 -0.00726304638958)
(-0.00123433963791 0.00210269322927 0.000804229094368)
(0.0029105385847 -0.000828722316892 -0.00540465349147)
(-0.00107965680863 0.00011826403233 -0.0111756707158)
(0.000747362282601 -0.00195024009517 0.0244493141729)
(0.000801593260762 0.00193703055136 0.0431282020776)
(0.00151009229279 -0.00093637399306 0.049042659854)
(0.000812237703232 -0.00104465786956 0.0155075588629)
(-0.00220186137577 -0.00139745425358 0.0238155900259)
(0.000881339209303 -0.00137818095877 0.0240827377372)
(-0.000644771642609 0.00105007567762 -0.0390947070738)
(0.00242549102312 -0.00046200236357 0.0202841153416)
(-0.000932527481604 -0.00222561833723 -0.0304650786736)
(0.00184502203586 -0.00180641673447 -0.019656381199)
(-0.00238394012314 0.00093149549288 -0.0175496920605)
(-0.000513038913301 0.00152680078449 0.0150513886606)
(-0.00108718955471 0.00164964058546 -0.0205952185593)
(0.00167986884877 0.00180122061441 0.0118188487567)
(0.00110579401743 0.00286353063606 -0.0320066681987)
(0.00164072286533 0.00273326234754 0.0346616471901)
(-0.00230537354138 0.00170277244473 0.0183855350738)
(0.00275757509994 -0.000209767874922 -0.0117476281552)
(0.000180764285938 0.00239949593343 0.0361045864521)
(-0.000100497048073 0.000674845152915 -0.0266500626217)
(0.00107187697622 0.00232036981658 -0.00938878322155)
(-0.00235591714007 -4.58034995479e-05 -0.0246228938375)
(-0.000357616766761 0.000820681196308 -0.0164701108118)
(-0.00139963880695 0.00086574329786 0.0451160020973)
(0.00244788798459 0.000365184229971 -0.00426676954231)
(-0.000610962718223 0.00111248384168 -0.0291776927557)
(0.000787909253486 -3.95335039046e-05 0.0271228029064)
(0.000589029459557 0.000191284957706 -0.00136868301531)
(0.000516860544818 0.000399034742176 -0.0362743225472)
(0.00253738048562 -0.000585037381249 -0.00216751758753)
(-0.00245691604538 5.54301334417e-06 -0.00410095244339)
(0.00247863516625 -0.000924635714582 0.00629039664328)
(0.000950498575764 0.000161900121387 0.0348050357821)
(0.00253478448422 0.00242370408394 0.00617425617889)
(-0.00158622167774 -0.00175895680784 -0.0213469267327)
(-0.00227721578471 -0.00136546811303 -0.0163435122272)
(-0.00012641951503 -0.00240933551462 -0.0165874645092)
(0.000824410120952 -0.00118407949119 -0.0428814659912)
(-0.00109420942087 0.000848474849521 0.0128024314671)
(-0.000599170611356 0.000752878910306 -0.0365730634098)
(-0.00163013817559 0.00144132785748 0.0480513786214)
(0.000401222061174 0.000321197037587 0.0310799343233)
(0.000579089850727 0.00282611964308 -0.0428374720799)
(0.00195180202481 0.00225839141044 0.0396607510171)
(-0.00154206083204 0.000202557365799 0.0365359694749)
(0.00100467383738 0.000237535913402 0.0407860783538)
(-0.0023929083287 0.00188021522622 -0.0328841281161)
(0.00133800896149 0.00030466617295 -0.0019087186309)
(0.00174746438676 -0.00192939859288 -0.0453738409619)
(0.00197582294112 0.00258814674179 -0.0386703744636)
(0.000467948726666 -0.000791646882185 -0.00150553034424)
(-0.00125940955826 -0.000555998107128 -0.0248999766493)
(-0.00197672234225 0.00141807770907 0.00924516422296)
(-0.000654490680299 -0.000516604749648 0.0215692517752)
(0.00084681484496 -0.000133312248446 0.0312194753425)
(-0.00130795920984 0.000213883446701 -0.0363870642175)
(0.00226464940353 0.00219971440753 -0.0394716892832)
(0.00174251977123 -0.0013877568197 -0.0499983301667)
(0.00160967831998 0.00226954974667 0.0187916196834)
(-0.000582181143256 -0.000577613562649 -0.00799817553212)
(-0.000210210654463 0.00144655325505 -0.0360682477288)
(-0.00198262277966 -0.000460741132013 -0.0481341148605)
(-0.000261320717222 3.19519010453e-05 0.0445480209509)
(-0.000866793698123 0.00080724122434 0.0125515038664)
(-0.000958182546002 7.27462868873e-05 0.049364194442)
(-0.00244157725557 0.00119644799012 0.000188518080041)
(-0.000365760953648 0.00166573384288 0.0491333475958)
(0.00210228962572 0.000232663514391 -0.0453331869836)
(-0.00150370804564 -0.00037664663646 0.0186347290437)
(-0.000273225944241 -0.00193747989392 -0.0255143490405)
(-0.000626529108095 -0.000978093180034 -0.0379667931726)
(-0.000375453250103 -0.00119332577404 0.0356702779225)
(-0.00194751098361 -0.00132590957789 -0.0270727687583)
(0.00145748538316 -0.000693051280134 0.000987777762869)
(0.00270230510924 -0.000442896969735 -0.0437233408694)
(-0.000187747881105 -0.00133725475404 -0.00509882472074)
(0.000599801010517 -1.75694895237e-05 0.0401553327539)
(0.00159661538956 0.00160528242264 -0.0305017673401)
(-0.000558947728313 -0.000805079441991 -0.0325793156449)
(-0.00183503106752 0.00112371061668 -0.0485713916066)
(-0.0024759782484 -0.00162272866821 -0.00432254442656)
(-0.00137685682224 0.00127210962968 0.00946314394076)
(0.000105348536686 0.00236693664505 0.0343905249933)
(0.000114783516568 -0.00116751516173 -0.00769805538511)
(0.00242338885559 0.000893048550169 0.00759936622397)
(-0.00147053083225 0.00156442030469 -0.00864211628915)
(0.00325888954813 0.000292582552686 0.0441006270763)
(0.0016644096529 0.00227005030878 0.0366303445964)
(0.00217203050598 -0.000571746943051 0.030636699004)
(0.000730802576192 -0.00200011577755 0.0453169621553)
(0.00180126356238 -0.0012770536242 0.0393610511438)
(0.000461592860943 -0.0020722135437 0.0485874022271)
(-0.0025314583945 -0.000199402133845 0.00172091304152)
(8.39016645546e-05 0.000561646516296 -0.0397819995303)
(0.00052017979337 -0.00338460134178 -0.0464365344832)
(0.00216754812465 -0.0011106002328 -0.0360420166928)
(0.00137044640085 0.00253651629233 0.0270198744811)
(-0.00122780132955 -0.00113711063905 0.0258794492312)
(-0.0006919672518 0.000109373974226 -0.0448565994614)
(0.00250087502071 -5.43677349717e-05 -0.029755654283)
(-0.000496244457063 -0.000406229757063 -0.0298313480672)
(0.000639900191351 -0.0011617595947 -0.0220286862833)
(-0.00278021413837 -0.00134821535916 0.0176732565722)
(-0.00125072342293 0.00125838654171 -0.00751415661893)
(0.000208113707215 0.00141944541336 0.0254717415661)
(0.00073652218839 0.00100428321142 -0.0396768610356)
(0.000153763169922 0.00240121003018 0.00652493006779)
(0.00141217424989 -0.00340617416931 -0.0315576554258)
(0.0014909715827 0.000438411563364 0.0198613131355)
(0.00284144120348 0.000412927227165 -0.0113087423133)
(-0.0018435581746 -0.000886661803755 0.0268358095932)
(-0.0010375097065 -0.00149935241799 -0.0222536781835)
(-0.00083042361975 0.0004581631441 -0.0375654930588)
(-0.00168604564757 0.000349640040504 0.043076115211)
(-0.000385868489341 0.00262741609527 -0.0461393584952)
(-0.000173866995375 0.00131765053176 0.0168236891076)
(0.00158375836122 8.07621712983e-05 0.0103706566353)
(-0.00120797290965 -0.00114526857071 0.0231053848174)
(-0.0020659759295 0.00110941396799 0.0498695907835)
(-0.00161794692799 0.00163495305676 0.0386645979928)
(-0.000565027189171 0.0013765193316 0.00603619203285)
(0.00161599298034 0.000919101512368 0.0169116483086)
(-0.00279891188318 -5.86197168766e-05 0.0120091336227)
(0.000355041462901 -0.00123570158522 -0.00523801806515)
(0.00109799806149 0.00179942424592 -0.0256003623415)
(-0.000513544092304 0.000617940870542 0.000741616516629)
(0.00195235901033 0.00252121283164 -0.030473601063)
(-0.000258753821854 0.000562231826821 0.0192941509908)
(-0.00100829243721 -0.00108848671029 0.0114579021349)
(0.000698310499564 -0.00214422207066 0.0488847254078)
(0.000745431637099 -0.000673831078028 0.00449356954013)
(-0.00199318033169 0.000457282891851 -0.00933753495625)
(-0.00211056286108 0.00297802922069 0.0114304223425)
(0.00120467445313 0.00248166482924 0.0395191151885)
(0.000652214239375 -0.00151623007454 0.000763892115269)
(0.00232078304327 0.000632172738002 0.0271152677221)
(-0.00139072829659 0.0011988780566 0.0457819070038)
(0.00153029117968 -0.00248931102628 -0.0130663546127)
(0.00197669234021 -0.000130920759005 -0.042476837989)
(-0.00115696783163 0.00167779252248 0.0126424780414)
(-0.000281830501935 0.00197774859018 0.0422631183604)
(2.55966257139e-05 -0.00152612902828 0.0157737594799)
(-4.82592037132e-05 0.00103690360365 0.00095102382691)
(0.000685767518833 -0.000599350665159 0.000567564636324)
(-0.00272102328404 0.00122638119059 -0.0152489723729)
(0.00136529426891 0.0015194405999 -0.00353595307865)
(0.000722395188546 0.00181243849252 -0.0481691448022)
(0.000358910405111 -0.000156096152319 -0.0422959858813)
(-0.0010329049295 0.000145730426106 0.0185189737175)
(0.000155737746782 0.00166094572996 0.0456630929387)
(0.000826215496219 -0.00159775705539 0.0296133299555)
(-0.00163958199919 0.000612360688738 0.0153810468621)
(0.00102035419042 0.00248739005977 0.0431442207424)
(7.36501769168e-05 -0.00140203217435 0.0248709361603)
(-0.00221244003065 -0.00211134511917 0.0200638698381)
(-0.0025193316834 -0.0015938457618 -0.0468325831189)
(-0.00219912566478 -0.00149507669021 -0.0348925445518)
(-0.00210999275977 0.000628539078609 -0.00885488381389)
(-0.000162910671524 0.000864841779541 -0.0489387577801)
(0.00243678275728 -0.000580455404842 -0.0284372941368)
(0.000302918456248 0.000642996498966 -0.0312315330677)
(-0.00123046159138 0.000532204241675 0.0448195462999)
(-0.00327632548038 0.00110889829591 -0.0416778681034)
(0.000167951071728 -0.00361909946897 0.00108921621403)
(0.000294806071164 -0.000451533377562 0.0394193757884)
(3.33147336265e-06 0.00244423977523 0.0465819410779)
(-0.00156237584927 -0.00149748726216 -0.0257531987859)
(-0.0014437460866 -0.000734788218503 0.0177322749173)
(-0.00138141681991 -0.00122713593096 -0.0057331823737)
(-0.000655187106573 0.000935675708931 0.0419657866249)
(-0.000457722982054 -0.000658960545948 0.0412031576669)
(-0.000651639756529 -0.00194513821363 0.0264897176366)
(-0.00103019690352 -0.00179252935949 0.00999687399125)
(-0.00133703469723 -0.000468299069318 0.037842708586)
(0.00237508945618 0.00183612551466 -0.0330426762149)
(-0.00246305906265 0.00076721383119 0.0173768019376)
(-0.00217083849566 0.000204244049365 0.00849803015409)
(-0.000755141771787 -0.00216336719281 0.048128823921)
(-0.000444494797265 -0.00012171321522 0.00695195226039)
(-0.00165884388424 0.00071159712324 0.0209374251083)
(-0.00021412573878 -0.000987040132673 -0.000387647754378)
(-0.000930329791315 -0.000266206660824 0.0149466702612)
(-0.00276586388907 -0.000481404508541 0.00401905234443)
(-0.000368462371638 0.0022780946941 -0.00113407959154)
(-0.000493931669643 0.0029666797083 0.0260862504948)
(-0.00211726400369 0.000266782656412 -0.0494817756348)
(-0.000703473662441 -0.00134305247303 -0.0460956722471)
(0.000214718112803 0.00189718908156 -0.0334499428773)
(-0.00163935028835 0.000714997533363 -0.0254965957274)
(4.80663598761e-05 -0.00116358475057 -0.0296055296077)
(0.000108603495475 1.10662983245e-05 -0.0349173528204)
(-0.000547249901119 -0.000959604545997 0.0335363743325)
(0.000655461343345 0.00143355584608 -0.0159264560362)
(-0.00238717135303 0.000100654920662 -0.0244596117579)
(0.0027082277159 -0.000171238553014 0.0141869772747)
(0.00028041205087 0.000737578481382 0.0437663475976)
(0.000845085011321 0.0013256127543 0.00261908616298)
(-0.000282209746202 -0.00315809626337 -0.0399979133641)
(0.00324899624446 0.000841966746634 -0.00451413680183)
(0.00131149702757 0.00125906207997 -0.0448026845255)
(-0.000778780040189 -3.10644859765e-05 0.0429461281717)
(0.00149948376388 -0.00210502539917 -0.0326771793883)
(0.00188233432812 -0.000142298303284 0.0120963516495)
(0.00058644500503 0.00129432240847 0.0397049663653)
(-0.0033253244684 -0.000953472405322 -0.00728740672062)
(-0.00014216543813 0.000141726380505 -0.00715528635026)
(0.000873588898468 -0.000146461638628 -0.00861915202366)
(-0.000855208050812 -0.00126275065995 -0.0121728258799)
(-0.00187402339883 0.000331766010655 0.0141724372309)
(-0.00348742661902 0.000866337405598 -0.0229330492275)
(-0.00245856598638 0.00213104852127 0.0484023994087)
(0.00108500758824 -0.0029328841292 0.0450469200183)
(0.00118871042217 -0.00187478230973 0.0403272036135)
(0.0011033389815 -0.000345633805394 -0.0464210414876)
(0.000974346829299 0.000671779863908 0.0031158546581)
(0.00176793842796 0.000241409067076 0.0179118175488)
(-0.00192482067407 -0.000539632026444 0.0330980875385)
(0.0025263553759 -0.00112665796056 -0.0153116613932)
(-0.000646824738827 0.00288353028411 -0.00453139614585)
(0.0015339370285 0.001736272327 -0.0159142107589)
(-0.00165863009122 0.00116741581948 0.00813255218072)
(-0.000220766503779 -0.000452375953268 0.031993161886)
(-0.000280726851583 0.000739852968825 0.0162658510615)
(-0.00114220438115 0.000398337202226 -0.0455064103896)
(0.00120629678361 0.00242562712544 0.0460052944954)
(0.00153990742279 -0.00160742765198 -0.0151314488498)
(-0.000719619632802 0.00018741074952 -0.0226634454583)
(0.0019431520833 0.00137916319514 0.00914136967413)
(-0.0015235749022 -0.00219146410668 -0.0428966424813)
(-0.000424946920368 -0.00212613743541 -0.0158789615814)
(-0.0021539115314 0.00127192976241 0.0148404104975)
(-0.000314271855732 -0.00158627296948 0.0203658002032)
(0.000662630848403 0.00228475888768 0.00363430887428)
(-0.000920795586491 -0.00176291025344 -0.0297552981645)
(0.000230243364025 0.00228912206756 -0.0471110381187)
(-0.00260242642654 0.00191644625226 0.0304677952794)
(-0.00302584747179 0.000228638004259 -0.0203035549006)
(-9.68036890239e-05 0.00195987926519 -0.0187662628945)
(0.00225198833218 -0.00142405512559 0.0303031769194)
(0.000668940413899 0.000178023068136 -0.0320847923547)
(0.00148355830065 0.00152156447102 0.011882830744)
(0.00106696907952 0.000310039056065 -0.0181594194377)
(0.00130866410929 0.00170187832223 0.0489826263537)
(0.0023197636497 0.00206671396904 -0.0171664553052)
(-0.0012422696733 0.00209065090075 0.0136830180999)
(-0.00076955987588 0.000564417130467 0.017011934125)
(-9.65144347852e-05 -0.00330488476995 0.0094475203411)
(-0.00250244593407 0.00126316867928 0.0245055675912)
(-0.000125808811908 -0.00198599230356 0.0221708074659)
(0.000916745573805 -0.00253800434652 0.00710030589493)
(-0.00130374774013 -0.00104653164989 -0.0261801613829)
(0.000995556455842 0.000647056120237 -0.00661403551393)
(-0.000576305097417 0.00190514178163 -0.0422457349854)
(-0.0010561027639 -0.00144723660289 0.0313150683762)
(0.00182205675407 0.0017697627365 0.0348853794562)
(-0.00310726140553 3.86797159318e-05 -0.0303580361189)
(0.00114556926048 0.00228375753388 -0.00823336430925)
(0.00158328028759 0.00130353021692 -0.0146123458348)
(0.000512106662064 0.00260755421241 0.0220485287415)
(-2.66319570916e-06 -0.00304219232731 0.00113946875285)
(0.000840495194465 0.00300767162873 0.00648757649761)
(-0.00171654895901 0.00136192734127 0.0117569838095)
(0.00192533618369 -0.00036579856301 0.0457348273555)
(-0.000730928340064 0.00147879219158 -0.0211526567876)
(0.00301341854697 0.00124800768289 -0.00892474472863)
(-0.00101693123936 0.000438620041748 -0.0465963171637)
(-4.75816620821e-05 0.00193419311479 -0.0143816680369)
(1.35184124969e-05 -0.00130080132414 -0.0238110047728)
(0.000276714082901 0.00181496754375 -0.0399378972851)
(0.000125995639195 -0.00293037185315 0.0231168329628)
(0.00145194089801 0.00120469216312 0.0137883062017)
(-0.00269059573176 -0.00215355316601 -0.0211119161712)
(-0.00201092828495 0.000983297593126 -0.044192811123)
(-0.0011588882734 0.00171720027423 -0.0247792165882)
(-5.86927940427e-05 -0.000558547388599 0.000113274179578)
(-0.000726031863161 0.0033273094796 0.015303736838)
(0.00103274677198 -0.000816455223549 0.0387843679416)
(-0.000297311061515 -0.00139688855485 0.00450721044964)
(-0.00256894086985 0.000845833863444 0.0230473555525)
(-0.00135201806889 -0.000112596678493 0.0329603422407)
(-0.000151144184226 0.000927443028547 -0.0382546342051)
(0.00138602030687 -0.000450226361223 -0.0264609454748)
(-0.000989343539846 -0.00142884031268 -0.0440887898471)
(-0.00176060743556 -0.0018606345176 0.0376042186372)
(0.00225999999538 -0.00125817644432 0.0175088370868)
(0.00290963504842 -0.000568653628526 0.0354748706706)
(0.00186290847413 0.00230237342192 0.0283672826184)
(0.000153952840173 0.00181912307045 0.00832966407458)
(0.00168560266592 0.00237985780204 0.0251477232499)
(-0.00112080403715 0.000201525424643 0.0387209536762)
(-0.00100589056853 -8.25956410149e-05 -0.0194912986757)
(-0.000138160306659 0.00190389135375 -0.0404556030543)
(0.00016807043268 0.000802954244896 0.00199616578212)
(0.000540204679257 0.00198053280906 0.0415916365018)
(0.0018647241742 0.000844429666333 -0.0146483083961)
(0.00170342881305 0.000370901776051 0.0318189195999)
(0.00219519204266 -0.000435616763528 -0.0343927887432)
(0.00248958199575 0.0003423907655 -0.00138230698111)
(-0.00135672043661 -0.00125660244725 0.00918652902057)
(0.000591207305278 -0.00321719748704 -0.0260964992847)
(-0.00240332184695 -0.00114748059047 0.000904927729272)
(-0.00116170781876 -0.00221189636339 -0.00852378953624)
(-0.000458070410415 -0.000351855176726 -0.0290248621568)
(-0.00168584867319 -0.00184401381928 0.0135680672675)
(-0.000695219131625 -0.00185770037788 0.0164703872751)
(-0.00307320166325 0.000943646315918 -0.0278234326484)
(-0.000904965338426 0.00020749754986 0.0379849271572)
(-0.000537840323208 0.00105528200959 -0.0118005174217)
(-0.00234045694089 0.000577591774658 0.0106493732672)
(-0.000306809280043 -0.000513354150692 -0.0414290813626)
(-0.000267694294236 0.00192722951071 -0.0027920287872)
(0.00116238574865 0.00217833631527 0.0100310871842)
(-0.00130933571111 0.00073560096295 -0.00757719788812)
(-0.00193514165361 0.000288558384664 -0.0435200747059)
(-0.000899692190019 -0.000800435850625 0.0162575404967)
(-0.00238306342364 0.00246784861043 -0.0149868436287)
(-0.00195596883551 0.000884135733213 -0.0394252116147)
(0.00153460416237 0.000818116863651 0.0248939163252)
(0.000476438323436 -0.000765055818776 -0.0280262918843)
(0.00118609132001 -0.000789384136973 0.0405314568262)
(0.0025090715725 0.00211025407446 0.00665512092799)
(0.000810012082233 0.000489000154395 -0.0473737985965)
(-0.000996500943624 -9.42431215385e-05 -0.00121850941162)
(0.000961195796029 0.000180628026973 -0.0218774548653)
(-0.000886874664346 -7.26890380153e-05 -0.0453090875523)
(-0.000500409915687 0.0017767392632 -0.0484215699182)
(0.00191516154815 -0.000940056865151 -0.0297428400385)
(0.0010845688725 -0.000639893888743 -0.00487506241479)
(-0.00194203589405 -0.00155567962193 -0.0150915982995)
(-0.00169213893886 -0.0020336855294 -0.0144627991208)
(0.000421064032832 -0.00139835261304 0.00731019578356)
(-0.00104310726404 -0.00193916937303 0.020313763753)
(0.00120953636412 -0.000930221380601 -0.0200104728208)
(-0.00153324326193 -0.000653646687114 -0.00524566521959)
(-0.000302554401345 0.00282741520019 0.0470950039267)
(0.000320958105283 -0.00182377667377 -0.0235162033277)
(0.00107866000949 0.00142260692842 0.00998758319689)
(0.000990071530719 0.000638979784291 -0.00778145436441)
(-0.00130748852105 -0.00178053381117 -0.0358693275936)
(0.000605254861525 -0.000443849456126 0.0243356333994)
(0.000425057530855 -0.000385701556958 -0.0397368450415)
(0.000341457590596 0.000884871198077 0.0486297429906)
(-0.00228395492487 -0.000700560662511 0.0387889189538)
(-3.89498345892e-05 -0.0017347648911 -0.0376146903402)
(0.000884195146901 0.000273106814663 -0.001580562707)
(0.00151909929103 0.000214758629681 0.0471653173356)
(0.00169546258842 -0.00328337390291 -0.0239597222345)
(0.00156087859548 -0.00247164122592 0.00832488164732)
(-0.00229561537563 -0.00186252105323 0.0360563213165)
(0.00254946012214 -0.000298622393885 -0.0168664961744)
(-0.00246703934609 -0.000729080354054 0.0269890613135)
(-0.000378667530532 0.00306078698955 -0.00807268828224)
(0.000264095177742 0.00146747958633 -0.0499047108151)
(0.00147555402573 0.00163275981923 -0.0119087654455)
(-0.00112829290242 -0.000191288701087 -0.0474054137695)
(0.00224451265022 0.000573595785525 0.0159646715286)
(-0.0014020369802 -0.000503244205907 0.0469273093545)
(0.000842755247472 3.40465808215e-05 0.00369242562508)
(-0.000668000561744 0.00305001360299 0.0163266176351)
(-0.000563063257863 0.000904324334629 0.0402662300034)
(6.24640312284e-05 0.00147342295621 0.0162053829035)
(-0.000220729109457 6.34213833525e-05 0.0220530809016)
(-0.000413107016485 -0.000695426369503 -0.0257198536744)
(0.00163401013292 -0.0017453050672 -0.00240806226911)
(-0.000423958851241 -0.00152666431014 -0.015859870099)
(-0.00295215854988 -0.000956646462342 0.048213654145)
(0.00133766615972 0.00161237433082 -0.0307773980536)
(-0.00175998311784 -0.000936972194325 0.00238315577824)
(-0.00053643093484 0.000164297997673 -0.0350663214699)
(0.000592698145834 0.000686030080469 -0.0206052079033)
(0.00152275426839 0.00100909260479 0.00795991903944)
(0.00141416361808 0.000512968717152 0.0028125618022)
(-0.000355563455359 -0.00243335783754 0.0175216097905)
(-0.000909214741133 0.00109212120695 0.0178630758871)
(0.000420169611691 -0.000595656026888 0.0409386979486)
(0.00174254507563 -0.000442780614877 -0.0143946211645)
(0.00177483667093 -0.00124878742206 0.0203541048434)
(0.00220116549205 -0.000731081268789 0.00333034987288)
(0.00096364276039 0.000873264209711 -0.0257500076523)
(0.00164238109524 0.000684056753361 -0.0103363239599)
(-0.00179173954996 0.00227749154357 0.00490306006666)
(-0.000205704407486 -0.00141562871044 -0.00212716207296)
(-0.00195457441096 -0.00162293341708 0.0369030518488)
(-0.000328696506473 0.00105995671736 0.0465818401097)
(-0.00117729811423 -0.00119176257626 0.0205129947869)
(-0.00175975303097 -0.00199275611186 -0.0300790777371)
(-0.00188502989551 -8.91185812092e-05 -0.0417207881344)
(0.000332520724797 -0.000172590315152 -0.045795195255)
(0.000872290261018 0.00232471455237 0.00360129143985)
(-0.0011218765162 6.56071903964e-05 0.0310503401285)
(-0.00112832215044 -0.00268928774563 0.00701317030006)
(0.00146372076337 0.000383476264014 -0.036933527105)
(-0.0011852744682 0.0017281855966 -0.0274731010407)
(0.00175625741961 0.0015135535167 0.0449714459975)
(0.00100124185267 -0.000506006140966 0.0291536518026)
(-0.00165697987684 -0.00113938011935 0.0228216610717)
(0.000713036369402 0.000313216755465 -0.0213271593577)
(0.00226638389888 0.000699254657214 0.022758597432)
(8.47698195652e-05 0.000217924322098 -0.0315762898195)
(0.00142501586633 0.00184394605979 -0.0207017132349)
(-0.00159739407961 0.00138913956337 -0.0115315433522)
(-0.00194328458392 0.00137645951376 -0.000210133115083)
(-0.00111553373771 0.00180932653925 -0.0401695881594)
(0.000726180150707 0.00143459172179 -0.0294399075381)
(-0.00166183632859 -0.00076406444121 -0.00251171958047)
(0.000805644852385 5.76428400796e-05 -0.0276425998305)
(0.000674197012638 6.48872359501e-05 0.0313796478125)
(0.00010384170592 0.00134029263732 -0.025349039155)
(0.00236032105986 -0.0011101805796 0.0114076709509)
(-0.00203867793021 -0.000316785159285 0.00593304488934)
(0.000897588158197 0.00147192330675 -0.00703825964038)
(-0.000608769270568 0.000541772715049 -0.0414312177329)
(-0.0013554751512 0.00112277061257 -0.0445447049515)
(0.00118546606117 -8.2835303095e-05 0.0102631331564)
(-4.08182377963e-05 -0.000219801067953 0.0331294052809)
(0.00251570636173 -0.000679133959331 -0.0103757847652)
(0.00192035268181 0.000730911617454 0.0349803276246)
(0.00258356728006 -0.00160621557808 0.0402276932501)
(0.00100486091531 0.00204350697186 -0.0476728540098)
(-9.73498638719e-05 -0.00292391178356 -0.0325781066815)
(-0.000738379118084 -0.00149414676698 -0.0376257425843)
(0.00112121289645 0.000707043785925 -0.0232907808846)
(0.00181697477182 -0.00013665775465 0.0272077179794)
(-0.000803354021838 0.000995649381938 -0.0149535349599)
(0.000922055339775 -0.00140986627488 0.0489159769707)
(0.00037906427583 -0.000970567634758 -0.00425108715273)
(-0.00263825652633 0.000206003389588 -0.0473154429724)
(0.000982988987713 -0.00234726301193 -0.0212137447733)
(0.000783757606645 0.00109049674658 -0.00670543921577)
(-0.00153182394156 -0.000906020228967 -0.000730659735489)
(-0.000627024886248 0.000483384534843 -0.0225052482183)
(0.000939633668964 0.00282079625233 -0.0123832215691)
(0.00326859630692 -0.000847487162815 0.00854033177379)
(-0.00205641338957 -0.00066898995807 0.032408873882)
(-0.00179538756971 -0.00241344153036 -0.0383971891525)
(-0.00338490228664 -0.000730003555738 -0.0389673374049)
(-0.00129552563241 -0.00188157595431 -0.029208616477)
(0.00263517800969 -0.0010519869073 0.0315765759136)
(-0.00120417817762 -0.000508207874723 -0.0204923060956)
(0.00153318563259 0.000596973232026 0.0346817886303)
(-0.00204726922696 0.000543454877503 -0.0491135099027)
(0.000331521952707 -0.00242632031588 0.0085088644692)
(0.00062696592161 0.00242701559814 0.0116853703289)
(0.00156802245104 0.00109902216937 0.0222748050081)
(0.00123632496861 0.00149695069222 -0.00101166701138)
(-0.00164771243351 -0.00121591785061 -0.0341058388898)
(-0.00102473155939 -0.002271716796 0.0155816845812)
(0.00208264311726 -0.0023612814394 0.0241394972279)
(-0.001441549291 0.000540696371246 -0.0396864152717)
(2.60078134305e-05 0.00270086053644 -0.0340037808304)
(0.00193653607979 0.00191281207319 0.0212235204247)
(0.000262709529449 0.000224307256364 0.0454912457715)
(0.00177652406795 -0.00349669677143 -0.00698306117145)
(0.000483903947144 0.0025881675333 -0.00978407549002)
(0.000173622842325 -0.0013280220898 0.0480255977829)
(0.000204381225083 -0.000501158693285 -0.0253722017696)
(-0.00071648627845 -0.00184856375779 -0.0191764144738)
(0.00158731994167 -0.000608041630354 0.0256099979798)
(-0.00151988712857 -0.000513309532946 0.036203930854)
(0.00149638064 -0.00020811498898 0.0176918178334)
(0.00163925970213 0.000883323558213 -0.00328737459377)
(0.00245954053338 0.000272486350071 0.0156223857163)
(0.0016496263301 0.00134558447745 0.0266433268804)
(-0.00127940534544 0.00168171303107 -0.0461065711183)
(-0.00155378849533 -0.00280819366878 -0.0479405135218)
(0.000231166473219 0.00124141113663 0.0389285086254)
(0.00167998668031 -0.000683590731075 0.0358665170753)
(0.00286171460988 0.00156162644794 0.0431229791929)
(-0.000747792894458 0.00112019300109 -0.0482309243862)
(-0.00101973450823 0.000917475285628 -0.00792724071563)
(-0.000771338588771 -0.000548768228233 0.0366648491591)
(0.000708053227874 0.00101774929405 0.00599310794678)
(-0.00134945116933 0.000272343622695 0.0329982278994)
(0.00179871459273 0.000802744004075 0.0491876175519)
(0.00109062000366 0.00104475456134 0.01971856762)
(-0.000207116109201 -0.000987329462149 0.026984683568)
(-0.000310451091091 0.000866214686824 -0.0208276687363)
(0.0010894511411 0.00108343714446 -0.0371294217905)
(-0.00173688299157 0.00038926300581 -0.0317668126861)
(0.00245952659698 0.000444242658055 -0.0160710041439)
(-0.00113173391739 0.00122779043174 -0.037397098921)
(-0.00148824223809 0.00148828939892 0.0353104092687)
(-0.000187946685702 0.00266543839577 0.0397477886793)
(0.000609291795622 -0.000503253991202 0.0271016457751)
(-0.00198478790233 0.00250937339918 -0.0193018974465)
(-1.1419551624e-06 0.00174798743778 0.00866213180747)
(8.38834768243e-05 0.00052636326429 0.0275612250104)
(0.00306329930268 -0.000904693607201 -0.0434856405885)
(0.00311934653675 5.10424595811e-05 0.00864632993547)
(0.000686349660619 5.06301699344e-05 0.00464396463334)
(-4.26544406156e-05 -0.0012546474307 0.0329321349833)
(0.000113492598675 0.00215996654593 -0.00979594210426)
(9.75792748745e-05 -0.00135510487934 -0.0242213216192)
(-0.000344486180738 -0.00121203444537 0.00842696315659)
(-0.000754632054387 0.000211544399779 0.0328603128394)
(-0.00189861513553 1.70388103954e-06 0.0212202650079)
(0.00062736157707 -0.00166595678581 0.0214141418055)
(-0.00256418330493 0.000964915821831 -0.0129865951136)
(0.00217337176495 4.09288099612e-05 -0.0270507936256)
(-0.00234947084178 -0.000735998320418 0.0238414127652)
(0.000176951057186 -0.00163819201441 0.00146098363206)
(0.00145501744285 6.00607268346e-05 0.0188575231006)
(0.000647936567861 0.00160372509308 -0.0476868133394)
(0.000389950904053 -0.000961829228996 0.0161975457944)
(-0.000107727475848 -0.000589557040185 0.0421954019074)
(-0.000502875052326 0.00195702923328 -0.02047180411)
(-0.00113981861015 -0.0018473616497 -0.0165996897784)
(-0.000452891374986 -0.0035349430205 -0.00729082530281)
(-0.00051395648225 -0.00196886845381 0.0267437152297)
(0.00139715614139 0.000185459935637 -0.0306941228248)
(-0.00264921747568 0.00139041504481 -0.0265786667166)
(-0.00310508426908 0.00016712629084 -0.0354323101842)
(-0.000719344497443 0.00116351895501 0.0261991521762)
(-0.000530901102469 0.00052003858158 -0.0223310325627)
(0.00044970366665 0.00148479636541 -0.0488016585405)
(0.00185049569449 -0.00177207130232 -0.0289779972018)
(0.00115718544204 0.00114163000808 0.0353825669562)
(0.000585509904253 -0.00312306042062 -0.0338273569402)
(-0.0020801613585 -0.00102596675506 -0.00350891521952)
(0.00136042690408 0.000535935213659 0.0256722764735)
(0.000946120480725 -0.00201211219767 0.0118260932276)
(0.000288529637176 0.00263884974277 0.011485639565)
(-0.00147319060412 0.000244022406667 -0.030691522325)
(-0.00129731709651 0.00205478955103 -0.0408809598784)
(-0.00163373232915 -0.00194086143056 -0.00641333228077)
(0.00192801570928 0.00116814838495 -0.021733141948)
(0.00179746605388 2.37027264324e-05 -0.049859922771)
(-0.00100544340832 9.69358978216e-05 -0.0388030081523)
(-3.51997381514e-05 -0.00160525321358 -0.0267666450166)
(-0.00343401178928 0.000637506214929 0.048806740946)
(-0.0026815625226 -0.000571934718702 -0.044269969994)
(0.00136380349635 0.000685790680974 -0.0498495131524)
(-0.000555878802645 0.00147644940019 0.0188933708564)
(-0.00290768719304 -0.00195207673803 -0.0112670758932)
(-0.00025226091745 0.00386797093189 -0.0300069659116)
(0.000821473679829 0.000270020826499 0.00690263038913)
(-7.65196599378e-05 0.00126156380417 -0.0336854933387)
(-0.00026285700465 -0.00182708325251 0.0442013132773)
(0.00301885029309 -0.000305497782238 -0.00631066835233)
(-0.00193965056692 -0.00153699302052 0.0451414100551)
(-0.000790974912749 0.00016907185364 -0.0116389418808)
(0.000619052473722 0.00115125709799 -0.0285817622004)
(6.77317420898e-06 -0.000473433451178 0.0307971193754)
(-0.00185337219435 0.00116302490669 -0.0159935136216)
(0.00108122377099 -0.00182487164656 -0.0494513998951)
(0.00043928725331 -0.00111378295942 0.00906662023454)
(0.00103653251897 5.1840247413e-06 -0.00717477282881)
(0.000161983779426 0.00010930333549 -0.0135627653795)
(0.00280581334957 0.000714940672646 0.0244971168434)
(0.00159779220272 -0.00182974062043 0.0404231968879)
(-0.0018624934877 -0.000946900992547 0.0341442688431)
(0.00253203228507 -0.00186866931453 0.016276688371)
(-0.00163770466557 -0.00164064612839 -0.0211486109583)
(0.00192772260568 -0.0012938475963 0.0122679992923)
(0.00108426079885 0.00247119892037 0.0320873317728)
(0.00282021969962 0.00168662682017 0.0183942188588)
(-0.00125264893961 -0.000778609017387 -0.0157677832492)
(0.00199362005041 0.00230742084314 -0.0240391523047)
(0.000240816762398 0.00136095683081 0.0185599773074)
(0.00221480235639 7.21453705967e-05 -0.00528897832834)
(0.00152401841185 -0.00198325860964 0.0152834464797)
(-0.000881406847008 -0.000533827475319 0.0426687623868)
(0.00149042536821 -0.00193766774081 -0.0446294221812)
(0.000175153958085 0.00150735645263 0.00234258843672)
(-0.000834639295926 0.0012860841992 0.00798008788656)
(0.00203126367058 0.000419350190265 0.0258563387715)
(0.0012576888888 0.000490473358894 -0.0310885077843)
(-0.00232710168888 -0.000881610543408 0.0082466916208)
(-0.00018162687354 0.00146527008204 -0.0159781732839)
(0.000756558369578 0.000339007834904 0.0154818479517)
(-0.00135072680122 -0.000377470958139 -0.0322578044687)
(0.000338798355206 -0.00208709581029 0.00860614435079)
(0.00238628166521 0.000472117687301 0.0144740792078)
(0.00023600500004 0.000969071714288 0.0468269966128)
(0.000790708862711 0.000227600687136 0.0175501068774)
(-0.000143687707566 -0.00189015920068 0.0459199431044)
(0.000689566602199 -0.00082660475367 0.0291359710882)
(0.00128481509115 -0.00162747507621 0.0127311367303)
(0.000493382759745 -0.000618229940824 -0.040098268536)
(0.0015851258914 -0.00269554242954 0.0173577549758)
(0.00152227690512 -0.0012958365649 -0.0295249964923)
(-0.00167277332909 0.00160515344444 0.0332358896843)
(0.00139282910586 -7.25964627198e-06 0.0499526448078)
(-0.000805551833877 -0.000152583197612 0.0135827579609)
(0.000900917111538 0.000824313166836 -0.0430132239355)
(0.000715424942571 -0.00236650540624 0.00162801140116)
(-0.00120395972973 -0.00239546598514 -0.0394391413996)
(-0.000953037560288 -0.000128091674996 0.0101871751487)
(0.000987821218972 -0.000631995687116 -0.044674338477)
(0.00158522446181 0.00203352920196 -0.00507985183167)
(0.0024069667793 -0.00195159802339 -0.00240868795008)
(-0.00133465807688 0.00144643639561 -0.0462962593916)
(0.00147146950949 0.00175748176423 0.00361424985153)
(0.00135112294974 -0.00089347945252 0.0410116109162)
(-0.00114564922276 0.00151974000708 0.0175660931805)
(-0.00169179290914 0.000876935610853 -0.0124626922031)
(-6.78477386518e-05 -0.00328027953154 -0.00266340611443)
(-0.00292626709888 0.000744072972121 0.0104127193026)
(-0.00264716074127 0.000196769227514 -0.0114134403125)
(-0.000377682546668 0.000830272315055 0.0156366400464)
(-0.00100943613903 0.00342345643536 -0.034586496857)
(0.00296340237338 -0.00115420886686 -0.027519488966)
(-0.00131101114719 0.00166865526402 0.0157666922436)
(0.00183206777805 0.00029127135872 0.00462985302115)
(-0.000306113261417 0.00266419109658 -0.00155518447202)
(0.00229960970218 0.000402731411792 -0.0230306033895)
(0.00183573934528 0.00142209730062 -0.00171055064613)
(0.000366653501952 0.00195987470637 -0.0437669169271)
(0.000801987206284 0.00106982561281 -0.0202149936726)
(-0.000839080994153 0.000527068281476 0.0113667966216)
(-0.00173392035591 0.00182638612625 0.0368844486319)
(-0.00227929236353 -0.00121407141364 0.0361330511383)
(0.0019472339684 -0.00147743666263 0.00264194936971)
(-0.000455790038673 -0.00188803986832 0.0360952695256)
(-0.00219336648851 -0.00100817885749 -0.0151852393579)
(-0.00227994126155 0.000603230537704 -0.0318559523844)
(-0.00156306917455 0.000885152587002 0.0492613433156)
(0.000793086081867 -0.00257881054886 0.0232164304538)
(-0.00106943090261 -0.00120058258249 0.0466152960357)
(0.000853322962654 0.00090803251189 -0.00707417755069)
(-0.000920056447671 0.00123329547238 0.0461212575081)
(0.00143168993586 -0.00260934777593 0.0458777587358)
(-0.000294736248763 -0.000332980181192 -0.0276423809457)
(-0.000287323417606 0.00236384893101 -0.00227819367244)
(9.96317387189e-05 -0.00186722900682 0.0243195524357)
(0.00158222036882 -0.00169545583739 -0.00137220536614)
(-0.00148504001077 -0.00130254345325 0.0326023185413)
(-0.00104835422197 0.00117436102262 0.0244109284629)
(-0.000329063687668 0.000848357180608 -0.0256788179322)
(-0.00266032825669 -0.00235917682721 0.00839562347586)
(0.00153386264876 -0.000610737151931 0.023254481356)
(-0.000726948050306 0.000903589252905 0.0142502847116)
(-0.00242628733642 -0.00183446552407 -0.0126051214221)
(0.00107618579793 0.000636999792173 -0.0258064636945)
(0.0016921798093 -0.000735501614134 0.000174188501165)
(-0.000494702664625 0.00146325356668 -0.0233220854841)
(-0.0026473599246 -0.000612451145835 -0.0344144751762)
(-0.000234247758038 0.00105626672151 -0.0421397460164)
(-0.000742988200166 -0.00094833997532 -0.0434808625004)
(-0.00229861135784 0.000312650380491 0.02088787863)
(0.00121866366752 -0.000752258974719 -0.0457248304658)
(8.74933784183e-05 0.000405242170291 0.0276664511869)
(0.00146775346647 0.000219459796222 0.0358454248098)
(0.00189214445461 -0.0013617606389 -0.0189175974434)
(0.000893381199735 -0.00185424995606 0.0132503180124)
(0.00238737950063 0.00148483302338 0.00296204016379)
(-0.00187424960602 -0.00203728740866 -0.035764456169)
(-0.000555388084145 0.00140460574199 -0.0380398911507)
(0.00250796497926 0.00145338443117 0.0165506772246)
(0.0016456737106 -0.00328261227926 -0.0444057647243)
(-0.000136706740132 -0.0013182119843 0.0107921590078)
(8.28843326779e-05 -0.0020868682603 -0.0127783753651)
(-0.00176362403055 0.000107331836142 -0.00761424768106)
(-0.0024278943984 -0.000104560705296 0.00176537730058)
(0.00033665065018 -0.00168364005414 -0.00111895352141)
(0.00150379084615 0.000370805631878 0.00034410170355)
(0.00033594145369 -0.00156604938576 0.021499290123)
(2.66726107895e-06 0.00204165120372 -0.0256501550856)
(-0.000126614206812 -0.00131286160708 0.0408167924292)
(0.000567319313172 -0.000373680749368 0.0342255533057)
(-0.0025208464374 0.000602631703903 -0.000678090336749)
(-0.00168068239072 -0.00232395152657 0.0100597602216)
(0.0022005417414 -0.000548958668101 -0.0229683874246)
(-0.000493312072853 -5.26551449259e-05 0.0190645361036)
(0.00179682275659 0.000923494349787 -0.0499335543668)
(0.00164763839994 0.000461578718656 0.0404432635688)
(-6.35368738273e-05 -0.00128325522206 -0.00714644774838)
(-0.000957263637041 0.00251607395453 0.048172073178)
(0.00247912124252 0.00137829167987 -0.0291383645015)
(0.00296318986184 0.00101319587798 -0.0257909959056)
(0.00043429544945 -0.00134377845341 -0.016486694798)
(0.00139590743172 0.00148105697889 0.00753416716453)
(-0.000555257844785 -0.000968085168475 0.0121090760289)
(-0.000600128879635 0.000820722621122 0.0344769988224)
(0.00206248609563 0.0010081093475 -0.0073951245256)
(0.00158803649813 0.000532749604423 -0.00872584401983)
(0.00169372836285 -0.000229072718063 0.0397795137228)
(0.00251797679086 0.00134881647679 0.00400238292173)
(-0.00200277226467 0.000686990433383 0.0020274409259)
(-0.00204081288316 -0.00174894423023 -0.0229269653404)
(0.00113087783245 0.00118459205306 0.00833953286829)
(0.00015303373401 0.000426031121702 0.0440560835745)
(0.000491732829841 0.00078769445129 -0.0191212018328)
(-0.000416152949513 -0.000748216340747 0.000316890545388)
(-0.00101693798849 -0.000649969308454 0.0231626443401)
(0.000251325292374 0.00073004123566 0.0175926428883)
(-0.00262441919272 -0.00166642736896 0.0340524544688)
(0.00253982024449 0.000604640765082 -0.0322415370605)
(0.00024766095807 -0.00225164141517 0.0278295440953)
(0.000652044152445 0.000144897570816 -0.0207488788717)
(-0.000918130011507 -0.00300158931232 0.0441922776131)
(0.000922482289308 0.000724007053877 -0.0296143549818)
(-0.00110472833959 -0.00372486406971 0.012342675344)
(0.00104817594053 -0.000112512931436 -0.000688446111504)
(-0.000790552182627 -0.000727073770613 -0.00804427474397)
(-0.000444078057773 0.000498710956413 -0.00379509456802)
(0.00257235101519 -0.000370226225842 -0.00964525661535)
(-0.00102226941065 0.000809713592367 -0.0154748817383)
(0.0019887179665 0.00207706130287 -0.0470998022)
(0.00234064475351 -0.00244912233987 0.0436529679935)
(0.000943947148204 -0.00137413276006 0.00754302196937)
(-0.00322982742101 0.000734624884798 0.0482530677685)
(-0.00094625153279 -0.00269420715299 0.0359477432191)
(-0.000309052468294 0.0015227928832 0.00725053838062)
(0.00103852894838 0.00325704749552 -0.046103760006)
(0.000909464371738 0.00169252602136 0.0165895997048)
(0.00126564676528 9.74308090699e-05 0.0497896760253)
(-0.0013318914205 -5.38739035433e-05 -0.0156757151313)
(0.00127464852438 0.00119095353055 0.0294529731351)
(0.000390774779816 -0.00118708098721 0.0336075366951)
(-0.00122914895021 -0.00101092987206 0.0159169313739)
(0.000262749522118 -0.000678424632142 -0.0353096891973)
(0.00111623268047 -0.00207927744619 0.0190817801514)
(-0.000325213401215 0.00185476682297 -0.0333812555165)
(-4.91380128599e-05 5.06404084275e-05 0.0249084628606)
(-0.00276049331068 -0.000359833339412 0.00927962389488)
(0.000628552571265 3.1599951177e-05 -0.022520859856)
(-0.00131964756969 0.00307800270885 0.0456311654959)
(0.000929512078965 -0.00114712844394 0.0280307088991)
(0.00211239339493 -0.00106797796772 0.042833616567)
(0.00299438774924 -0.000784915910263 -0.000854876452411)
(0.000781282968638 0.00130593287851 0.0451220940397)
(-0.00214416477559 -0.000866125670578 0.00570114542738)
(-0.000746237982631 0.000782996005669 -0.0442065796121)
(-0.00278787732498 -0.000347892759058 0.0320200248466)
(-0.00058107383483 -0.00117252083184 0.00247887598803)
(-0.00164804132554 -0.00185255800398 -0.00436036856916)
(0.000287166236672 0.00304730843716 -0.0405990120424)
(0.000201209996379 8.97268443456e-05 -0.0339444128235)
(0.000721852365849 -0.000175679955545 -0.0146299977196)
(0.000842439468175 -0.00128209893837 0.0380353334264)
(0.00137203319368 -0.00163201022821 0.036485057524)
(-6.69118026116e-05 -0.00111343593774 -0.0250352409333)
(0.000722413677029 0.00179645899863 -0.0463063806964)
(-0.00154995851476 0.00137514083934 -0.00776232722013)
(0.000512108308327 0.00105991498037 0.0135396945548)
(-0.000299749187587 6.58768643091e-05 -0.0362677472863)
(0.00142290197318 -0.0015906100697 -0.0410234074997)
(-0.000167243781709 -8.09492820547e-05 0.00602980713419)
(0.0012283556656 0.00312842195804 -0.00798115499472)
(0.00179192560864 0.000700709339012 -0.0127182457638)
(0.000728767572392 0.00140875826129 0.0465080275722)
(-0.00104477269881 0.00375719547615 -0.0168481802649)
(-0.000395206213418 0.000847056784743 -0.0352530027847)
(0.00228636014607 -0.00149346034902 -0.00701813125213)
(-0.0010915583891 0.000666302662114 0.022810808585)
(-0.000340241449467 0.000151596602394 -0.00346478789254)
(7.71124829262e-05 0.000572137174574 -0.0445464166285)
(0.00163279159854 0.000753034764742 -0.0303726123567)
(-0.000354673983588 0.000481396049518 0.0256283892104)
(-0.000780121633374 0.00119703002852 0.0105394577517)
(0.00197603374656 0.00271389842484 0.0194600925623)
(-6.85643347239e-05 -0.00161528758294 0.0370636129618)
(8.70694961141e-05 0.00344970341908 0.0304036608425)
(-6.24700105579e-05 -0.000650623406266 0.046509675287)
(-0.000310493218993 0.00160728015923 0.0234850860385)
(-0.000486179803152 0.00131120071125 -0.0419728281517)
(0.000987694231305 -0.000982698256385 0.01885709891)
(0.00105608147309 0.00073971179714 -0.045723537717)
(0.0009428630065 0.000427472819824 0.0191245741003)
(0.00118480499201 0.000344690723946 -0.0394667397546)
(0.000536164774676 0.000366592079056 -0.0439873048918)
(-0.00145905618243 0.00236593885986 0.0431051998556)
(0.000858551643258 0.00295405594343 -0.0231313565718)
(0.00216030197811 -0.00102634800792 -0.0306504538904)
(-0.00201102887446 0.00285096675789 -0.0102986626775)
(-3.32948886702e-05 -2.83678253746e-05 0.0492864766963)
(0.00051972465989 -0.00155708695572 0.0327859616335)
(0.000167470094395 0.00252148374594 0.0365137294426)
(0.00123212994357 0.00197299535275 0.0365882901663)
(0.000442668548107 0.00105995755421 -0.0151218690688)
(-0.000574827550244 0.00164444070725 -0.0376026248772)
(-0.00151228409736 0.00181089503791 -0.0278275594154)
(0.00179418786152 -0.00166932846952 0.0151923677127)
(-0.000185312049344 -0.000675100340228 0.00964715787457)
(0.00241004299697 0.00206882517375 -0.0288013293038)
(0.000120689615123 0.00204175069767 0.04676596327)
(0.00136265608349 0.00235282912976 -0.0236075758801)
(-7.21246685404e-05 0.00252380020924 -0.0447692004676)
(-0.00193502906356 -6.02059924897e-06 0.035501320391)
(-0.000961560733012 0.00108030524474 -0.016470277704)
(-0.000940675087211 0.000637914235668 -0.00946852545345)
(0.00158885018413 0.00111250126299 -0.0423573800639)
(0.000568203046516 -0.00197049833631 0.0028537142166)
(0.00194335798732 0.00158804262541 -0.0258319978143)
(0.000731751610745 0.000373348843469 -0.0184549287485)
(0.000266429212254 -0.00132300014612 0.0361272352654)
(0.000425149780306 -0.00243888937173 -0.0443542609665)
(0.0016122351501 0.00235150768868 -0.0145022329366)
(0.000436191678275 0.000651423753479 -0.028003878756)
(0.00215272216427 0.00288455505756 0.0139024572644)
(0.00172989131111 0.00270413528454 0.0401531966921)
(0.000319171072667 -0.00160584387578 -0.0396015064153)
(-0.001960966284 0.00010583258461 0.00376178256756)
(-0.00159339157954 0.000514361809756 0.00932343911704)
(0.00159105487553 0.00157507195528 0.00371219975431)
(-0.00243082225565 -0.00199766479508 -0.0134235717124)
(-0.00233335231406 -0.00146361157863 -0.0424976732524)
(6.69214302433e-05 0.00249659022821 -0.0296045989342)
(-0.00143819425983 0.000387516493378 -0.027677853325)
(-0.00307672562039 -0.000577965634662 0.0379412815504)
(0.00100901025635 0.000395837740213 0.0325917216785)
(-0.00172692109667 -0.00164377465257 0.00718538554812)
(0.00259699451598 -0.00123515785302 -0.0176232983975)
(-0.000208251525479 0.000757868497355 -0.034993939473)
(0.00142456603865 0.00113575348589 0.0463013993213)
(0.00212622096384 -0.00139291038816 -0.0134887459998)
(-0.000643440423185 -0.00109594659702 0.0449344016558)
(-0.00165616953538 -0.000518744503038 0.0316296673423)
(-0.000210140697617 0.00145133292264 0.0102844377558)
(0.000221545882014 0.00148402155749 0.026295050064)
(-0.00220687571599 0.000452312176985 -0.0180609275137)
(0.00160001683852 0.00311128424289 -0.00392006050678)
(-0.00155098217979 -0.00164616753389 0.0347294428736)
(-0.000659614288496 -0.00154894459637 -0.035514356288)
(-0.00132262432983 -0.00188168324977 0.0275364611151)
(-0.00110303927204 -0.00162997240918 -0.017282490118)
(-0.00067460041289 -0.000942244823384 0.0406726668685)
(-0.00160414582744 -0.00153842137309 -0.00396890955576)
(0.00159439826799 0.000816177639649 -0.0113837852057)
(-0.000282186767374 0.000145071240826 -0.0479329648495)
(0.00230729809358 -0.00174442770286 -0.0226496591555)
(0.000711556160646 0.000484105425148 0.0223876993493)
(0.00189181570861 -7.88323246679e-05 0.00292220671763)
(0.00325691859707 0.000443511660469 -0.00396159611362)
(-0.00191953165529 -0.000353736227001 -0.00753212353153)
(-0.00273071297615 -0.00177513949477 0.0391632743466)
(-0.000867255467269 0.00184584097617 -0.0345433425114)
(0.00278274211847 -0.00110029169414 0.0126363642795)
(3.37903809997e-05 -0.000382053860021 -0.00831239759883)
(0.00109628454674 -0.00145079027812 -0.0449676264189)
(-0.000657974066029 0.00187022912551 0.0492487559682)
(0.000458722486493 0.00219794335045 -0.0146162864072)
(0.00153159361015 -0.00122965043995 0.0383580805637)
(-0.000107322418585 -0.00049567789102 0.0257297627415)
(-0.00120981341284 -0.00108942750126 0.00392449554333)
(-0.00130100117977 0.00223616729074 0.0244319855578)
(0.00116952861163 -0.00187436435862 0.0215343286918)
(-0.00147680271695 0.000692495959682 -0.0115219267386)
(0.000598437769345 0.000866002873852 -0.0151373557856)
(0.000595869326794 0.000158456146811 -0.0195633461671)
(3.81090724628e-05 0.000841801927835 0.0415811691821)
(0.0027910476203 0.000558059183951 -0.0305128712325)
(0.00155419680286 6.88989661955e-05 -0.0159573845359)
(0.00192669045997 0.00146084431719 -0.0245518516038)
(0.00143641588212 -0.00233853425464 -0.00196706052396)
(0.000312179666811 -0.000933610757613 0.0172893853642)
(0.00202493792159 -0.00153475241666 0.0293685086659)
(0.00120620064049 -0.00106209882532 0.0256238736856)
(-0.000475051753989 -0.0016225459663 -0.0441629362111)
(-0.000365292590741 -0.0012373332572 -0.0198185357008)
(-0.00101829801061 -0.000331823486268 0.0131689087746)
(-0.00041622729473 0.00131688340243 0.0358863110926)
(0.00082654509271 -0.00182407337502 -0.039988176298)
(0.00196420407803 0.0016198811222 -0.0182214770297)
(0.00110639093973 0.00132920203137 -0.00671892161223)
(0.0026779635561 0.000272805678454 0.0286792015359)
(-0.000179108756976 0.00377590606908 0.00329756993256)
(0.000471410717554 0.000584803916957 0.0295040555878)
(-0.00106041614368 -0.000408388890148 -0.0337759684491)
(-0.00261683344489 0.000486561693035 -0.0495157919574)
(-0.000718690996261 0.00248049201286 -0.0149014331044)
(0.000369612104545 -0.00143297663307 0.0132770436661)
(0.000418334662759 0.00111724131747 0.020624345155)
(-0.000315340368966 -0.00246159915071 -0.0409566653986)
(-0.000210345730473 0.000546151263495 -0.0276512757212)
(-0.00162152815726 -0.000331397088575 -0.0448468613976)
(-0.000190678737699 -0.000837760255747 0.00336907412758)
(0.000481792360891 -0.00122632730351 -0.0150061840449)
(-0.00228755248522 -0.000265567722862 -0.0283517357574)
(-0.00197630560263 0.000509500330223 -0.0228070642993)
(-0.000204241493601 -0.00134686275839 -0.0371236887838)
(-0.000415764968673 0.00103017619367 -0.0365811821886)
(0.00105186331742 0.00179877764039 0.028723712923)
(0.000472894421786 -0.00189457743869 0.0483076693038)
(0.000306875716595 -0.000487093896678 0.0088743034329)
(0.00174136238188 0.000137769797408 0.0353588678908)
(-0.00104987153302 0.00245629928616 -0.0441506778458)
(-0.000866708994637 -0.00173418819197 0.00274292983193)
(-0.000724150580501 -0.00136200122582 -0.00833759929633)
(0.000234042753206 -0.000554832618088 0.0411380316432)
(0.00146814582746 -0.00251287504853 -0.0116971993793)
(-0.00185685971714 0.00153569461047 -0.0304759472088)
(0.0013846976708 -0.00161485851412 0.0445324155403)
(0.000822240510549 0.000771576881715 0.0470235773959)
(-7.26706766696e-05 0.000208029156972 0.010789144812)
(-5.65884480554e-05 -0.00175259409306 -0.0115814338317)
(-0.000794464870681 -0.00303170003105 0.0222265984114)
(-5.82948643841e-05 -0.00180250449286 0.00665962192475)
(-0.00252208492489 0.000628828718889 0.0249480558562)
(0.000456578233843 0.000144986990751 -0.00760096826872)
(0.00156290662885 -0.00147204319744 -0.0129156314632)
(0.00120549009435 -0.000132031269054 -0.0212077891815)
(-0.001203870528 -0.00131954252625 -0.043240953863)
(0.0013880627537 -0.00324802370343 -0.0405387473768)
(0.00122785486653 -0.000695811028459 -0.0167985808788)
(0.00107035940867 -0.000905321659696 -0.0238684767543)
(0.000303033828014 -0.00174059554008 0.0256529363866)
(0.00024723999911 0.000786598490849 -0.0111468073507)
(-0.00205322402561 -0.000974632845514 0.021860157705)
(-0.000883790721625 0.000741005977844 0.00311497837003)
(0.000161406379061 0.00114206541918 0.0465078079318)
(-0.0019959354721 0.000436667095485 -0.0259481500108)
(-0.00118682231375 -0.00248153388191 -0.008482770229)
(-0.00168800257943 -0.00121000468915 0.0413256312566)
(0.00126658687223 0.00082970813602 0.00721182847692)
(0.00112204868337 -0.00180859724944 -0.0412649374053)
(0.00242492981125 0.00147264532408 -0.0497223865608)
(0.000164213271806 -0.000275187382798 -0.0153893885889)
(-0.000725249688579 0.00126122796685 -0.00750767503198)
(-0.000693704952184 0.00074934544142 0.0441284701392)
(0.00210073319612 -0.00179328443375 -0.0397492640431)
(-0.00216661253326 -0.00083919915117 -0.0145484457808)
(-0.00164761942148 -0.000871031986267 -0.0455265747899)
(0.00155360201564 0.00200022544424 0.00361875290757)
(0.00113390629848 -0.000671523751511 -0.0293355046861)
(0.00194498142561 0.000433614056271 0.0324724894617)
(0.000486901666436 -0.00144926538291 0.0266721848146)
(-0.000652525595001 0.000245806110358 -0.0267565785327)
(-0.00321337881076 0.00193935539066 -0.0312346882632)
(0.00158815698798 0.0023545347012 0.0430442626526)
(0.000363031466457 0.00275774319037 0.0203801365)
(0.000507672703895 -0.00197559324033 0.0278794353616)
(-0.00158351947451 0.00111533397472 0.0211198492054)
(0.00028670095549 0.000355123458969 -0.03206035752)
(-0.00188255473191 0.00159769557651 0.0109389315984)
(-0.0020137162654 0.00072064435742 0.0214722763063)
(0.00227626079887 -8.61363769145e-05 -0.0426295788599)
(-6.76451600983e-05 -0.00206116307139 0.0378920834088)
(-0.00159861436034 0.000399115241503 0.00879709677697)
(-0.000853937154882 -0.00041666775189 -0.0411145982626)
(-0.00205043781853 -0.00045635695038 -0.0465812956942)
(0.000242106996687 0.000195545689575 -0.0290324123709)
(0.00295760028902 0.000865247856434 0.0410337141331)
)
