100
(
(0.000433723569005 0.000201445462636 0.00260855677493)
(0.000212429191932 -0.000570321431694 -0.00371373866939)
(3.85019261543e-05 0.000348820926655 -0.00487678202539)
(0.000189854927033 0.000352463115696 0.00199288224518)
(0.000205943958331 0.000326500442514 0.000252125061525)
(0.000280172784959 0.000457422986556 -0.00174892148359)
(0.000760331422726 0.000155276428141 -0.0049118003497)
(0.000153558260111 0.000204125200414 -0.00461432916984)
(-0.000162229948657 -0.000293662531798 0.00243333008531)
(0.000261292938313 0.00046626911579 -0.00347475869738)
(-0.000141965498935 0.000239497457094 0.00317622109015)
(-0.000173283301171 -0.000328625643004 -0.000924307389721)
(-4.84194178399e-05 -0.000181577082461 -0.00441420205215)
(-0.000523951289372 -0.000350492472445 -2.79066926339e-05)
(0.00011196496353 -0.000228938162943 0.00297216268267)
(0.000254372595182 -0.000207599571416 -0.00231898351571)
(-0.000323404055793 -0.000178099464191 0.00191862339859)
(0.000103143970538 0.000672916289664 -0.00314397560795)
(0.000521324484706 -0.000224779507816 -0.000988938634157)
(0.000518236333093 0.000209050902962 -0.00251265948022)
(-4.87724747172e-05 0.000297322887271 0.00420072780662)
(0.000122956379146 -0.000399555745052 0.00329182268706)
(-0.000646664159501 1.42505955326e-05 0.00469296660879)
(-0.000355848548658 -0.000409406100334 -0.00453957704674)
(0.000248496075968 0.000350596678799 -0.00132750299986)
(-0.000452718534936 -0.000318515382325 -0.00129458849658)
(0.000511240685027 -0.000113765259498 -0.00320969184559)
(1.5176511808e-05 -0.000677238054622 0.00267897007018)
(-0.000283946954668 0.000227466625035 0.000258997628247)
(0.00045684253075 0.000190281794095 0.000517383025368)
(-0.000415284738667 0.000237693734469 0.0039883560368)
(-0.000523966207252 -7.31445108144e-06 -0.00346476213514)
(-0.000228706792305 -0.000457378433083 -0.00289260116545)
(0.000512136510777 2.29379302097e-06 -0.00264947109904)
(0.000627482523875 8.40863891297e-05 0.00357439551271)
(-0.000251875642311 0.000676507590075 -0.000644858628441)
(0.000353101158332 3.52195553046e-06 0.00110512192555)
(-7.70507207404e-05 0.000216846866136 -0.000474235200374)
(0.000107924145402 -0.000176651552082 -0.000646872383679)
(0.000268339021153 1.82521569668e-05 -0.00350902215488)
(-0.000209421112437 0.000458981691523 0.00249256972288)
(0.000285828399555 -0.000450855231603 0.000459476138099)
(-0.000219770159484 -0.000118591547989 -0.00116596614327)
(0.000399591735747 1.62478893067e-05 0.00288478455764)
(5.44604686056e-05 1.68796402326e-05 -0.00217575194468)
(1.76121993433e-06 0.000387516411311 -3.16419430713e-05)
(0.000218243065648 -0.000365753440257 -0.00492781491391)
(-0.0005624796563 -0.000346406238303 0.00453476197827)
(0.00051266833865 0.000237813212607 0.00037492396103)
(0.000567909921238 -0.000133833736368 0.00374445533017)
(-8.36859484275e-05 0.000400633950466 0.00234788030269)
(5.28803268819e-05 -0.000796086450205 -0.00227300317403)
(-0.000128462783097 -0.000435383129305 0.00181646736182)
(-0.00052676628871 -1.6022650347e-06 -0.00269743108493)
(0.000595567570885 0.000140190120339 0.00126844093672)
(-0.000232732734415 0.000696422857168 0.000669454786903)
(-0.000147655492416 3.03582898922e-05 0.00315822723942)
(-4.18810814029e-05 -0.000383448521989 -0.00233718922898)
(0.000527158132243 -0.000139580298021 -0.00441822181458)
(0.000400880412237 0.000507461013475 -0.00424472960057)
(0.000312826437305 0.00016587727351 -0.0031783334364)
(-0.000418063163654 -0.000431284328522 -0.00347698389877)
(-0.000505101971534 -0.0001794433224 -0.00126211835666)
(-8.38764681826e-05 -0.000271680460317 -0.00242583344074)
(3.29525866383e-05 -0.000662146650443 0.000566043944817)
(0.000683083016985 0.000334304845398 -0.000572312539992)
(0.000172814181787 -0.000343488393183 -0.00271807252481)
(-4.75849962905e-05 0.000156036615871 -0.00456050366513)
(-0.000161865245806 0.000563559499166 -0.000102791284642)
(-0.000642672642498 0.00065303017839 -0.0015048146301)
(-0.000719621277079 0.000658639285053 -0.00468158857713)
(-0.000507279448768 -0.00050010695192 0.000713542298503)
(0.000159800066666 6.37492615114e-05 -0.00240875989349)
(-0.000266773339999 0.000417911791731 0.00278238551182)
(0.000589438466221 -0.00023160903058 0.00263987062445)
(-0.000221393859533 -0.000536939061966 0.00378076742678)
(9.49420720303e-06 -0.000820841855266 -0.00251083041293)
(0.000341084457985 -0.000629582846479 0.00183731548665)
(-0.000140813979659 0.000273425582662 0.00315652625496)
(0.00034612078617 -0.000380240776871 0.0021570321136)
(0.000345628494044 -0.000141403725244 -0.00492355253445)
(8.97327011682e-05 0.000618592714537 0.00119698796834)
(0.000337718498226 -7.63118377463e-05 0.00462453934035)
(-0.000659742157008 -0.000245274074239 0.00236035398443)
(-0.000276931139212 0.000331227002181 0.00324827517577)
(0.000529694790617 -0.000347827988981 0.0044480970685)
(-0.000491835391413 -5.61259287724e-06 -0.00283262068758)
(7.37488840776e-05 -0.000655427851731 -0.00328802886909)
(0.000350047730219 -0.000183687733542 -0.00228513146752)
(0.000160847939938 -0.000205255739091 -0.00259566865442)
(-0.000590846695403 -0.000608704360153 -0.00300836538376)
(-0.000855093429067 0.000223290538525 0.00353414643435)
(0.000437689709437 -0.000171624209788 -0.00331072021545)
(0.000340121393805 0.000279366942988 0.0028853796319)
(-8.68381130573e-05 -0.000164329008434 -0.00395213284073)
(-0.000416584366747 -3.23492996715e-05 -0.00162331644007)
(-0.000471843738688 -0.000474894041805 0.00454882491209)
(-0.000435369885755 -0.000389296400827 -0.00256537644459)
(0.000189519988201 -0.000387413117098 0.00278451553536)
(0.000604395027886 0.000330193070221 0.000971097065669)
)
