50
(
(-1.326310e-01 8.038555e-01 -4.100524e-02)
(-3.871979e-01 -8.188631e-01 -2.188088e-02)
(-7.131249e-02 -1.050723e-01 -1.202332e-01)
(4.766907e-01 7.791158e-01 -2.019815e-02)
(4.636871e-01 4.299681e-01 -7.326254e-02)
(-9.753525e-02 1.002597e-03 -1.210428e-01)
(2.696369e-01 -6.969356e-02 -1.127111e-01)
(-2.941520e-01 4.610358e-01 -8.559516e-02)
(-8.233452e-01 -4.887965e-01 -1.013248e-02)
(1.580516e-01 9.518559e-01 -8.403277e-03)
(1.254771e-03 -1.576081e-01 -1.191660e-01)
(-3.106682e-02 9.700955e-01 -7.058098e-03)
(-9.564966e-01 -3.581769e-02 -1.021179e-02)
(-1.526647e-01 -4.607418e-01 -9.336538e-02)
(6.195118e-01 -5.066102e-01 -4.385430e-02)
(1.372703e-01 -3.589719e-02 -1.197427e-01)
(-4.033375e-01 -1.232941e-01 -1.004291e-01)
(5.897882e-01 7.005151e-01 -1.967177e-02)
(4.684862e-01 6.388373e-01 -4.542481e-02)
(-4.524799e-02 9.584249e-01 -9.668629e-03)
(3.538550e-01 -5.520711e-01 -6.957872e-02)
(-9.607326e-04 3.569875e-02 -1.220516e-01)
(3.337247e-01 -7.807998e-01 -3.401520e-02)
(3.798793e-02 9.332204e-01 -1.555373e-02)
(6.127943e-01 -2.918298e-01 -6.582600e-02)
(-4.453259e-01 6.130701e-01 -5.195223e-02)
(2.447064e-01 7.016870e-01 -5.463170e-02)
(-2.671077e-03 3.922179e-01 -1.033721e-01)
(-4.888254e-01 -4.366933e-01 -6.962087e-02)
(-1.687814e-01 2.859577e-02 -1.186195e-01)
(-4.209367e-01 5.668451e-01 -6.120162e-02)
(1.548062e-02 -2.781511e-02 -1.220836e-01)
(-2.381250e-01 -1.413606e-01 -1.128182e-01)
(-4.393631e-02 -1.419147e-02 -1.219467e-01)
(8.427894e-02 -4.828709e-02 -1.210525e-01)
(-1.838657e-01 8.026682e-01 -3.925785e-02)
(3.142358e-02 -6.941177e-01 -6.312296e-02)
(7.429148e-03 -3.170124e-01 -1.098962e-01)
(-6.945015e-01 6.485288e-01 -1.182621e-02)
(-3.136556e-02 -1.423847e-02 -1.220624e-01)
(3.898493e-01 2.012812e-01 -9.864014e-02)
(3.598458e-01 1.268773e-01 -1.043827e-01)
(-7.512291e-01 -1.472099e-01 -5.050464e-02)
(1.449164e-01 -7.818837e-01 -4.484449e-02)
(1.710386e-01 -7.528069e-02 -1.179319e-01)
(3.354771e-01 3.568252e-01 -9.284157e-02)
(-4.045697e-01 -1.867363e-01 -9.789950e-02)
(-6.343967e-01 1.235368e-01 -7.108011e-02)
(7.073822e-01 5.299893e-02 -6.062731e-02)
(-3.927959e-01 6.444093e-01 -5.251660e-02)
)
